780 -1 -1 -1 -1 -1 -1 -1 -1 -1 -1 -1 -1 -1 -1 -1 -1 -1 -1 -1 -1 -1 -1 -1 -1 -1 -1 -1 -1 -1 -1 -1 -1 -1 -1 -1 -1 -1 -1 -1 -1
964 -1 -1 -1 -1 0 -1 -1 -1 -1 -1 -1 -1 -1 -1 -1 -1 -1 -1 -1 -1 -1 -1 -1 -1 -1 -1 -1 -1 -1 -1 -1 -1 -1 -1 -1 -1 -1 -1 -1 -1
1123 -1 -1 -1 -1 1 -1 -1 -1 -1 0 -1 -1 -1 -1 -1 -1 -1 -1 -1 -1 -1 -1 -1 -1 -1 -1 -1 -1 -1 -1 -1 -1 -1 -1 -1 -1 -1 -1 -1 -1
1564 -1 -1 -1 -1 0 -1 -1 -1 -1 2 -1 -1 -1 -1 1 -1 -1 -1 -1 -1 -1 -1 -1 -1 -1 -1 -1 -1 -1 -1 -1 -1 -1 -1 -1 -1 -1 -1 -1 -1
1999 -1 -1 -1 -1 0 -1 -1 -1 -1 2 -1 -1 -1 -1 3 -1 -1 -1 -1 1 -1 -1 -1 -1 -1 -1 -1 -1 -1 -1 -1 -1 -1 -1 -1 -1 -1 -1 -1 -1
2584 -1 -1 -1 4 0 -1 -1 -1 -1 2 -1 -1 -1 -1 3 -1 -1 -1 -1 1 -1 -1 -1 -1 -1 -1 -1 -1 -1 -1 -1 -1 -1 -1 -1 -1 -1 -1 -1 -1
2647 -1 -1 -1 4 5 -1 -1 -1 -1 0 -1 -1 -1 -1 2 -1 -1 -1 -1 3 -1 -1 -1 -1 1 -1 -1 -1 -1 -1 -1 -1 -1 -1 -1 -1 -1 -1 -1 -1
2890 -1 -1 4 6 5 -1 -1 -1 -1 0 -1 -1 -1 -1 2 -1 -1 -1 -1 3 -1 -1 -1 -1 1 -1 -1 -1 -1 -1 -1 -1 -1 -1 -1 -1 -1 -1 -1 -1
3312 -1 -1 4 6 5 -1 -1 -1 7 0 -1 -1 -1 -1 2 -1 -1 -1 -1 3 -1 -1 -1 -1 1 -1 -1 -1 -1 -1 -1 -1 -1 -1 -1 -1 -1 -1 -1 -1
3758 -1 -1 4 6 8 -1 -1 -1 7 5 -1 -1 -1 -1 0 -1 -1 -1 -1 2 -1 -1 -1 -1 3 -1 -1 -1 -1 1 -1 -1 -1 -1 -1 -1 -1 -1 -1 -1
4125 -1 -1 4 6 9 -1 -1 -1 7 5 -1 -1 -1 8 0 -1 -1 -1 -1 2 -1 -1 -1 -1 3 -1 -1 -1 -1 1 -1 -1 -1 -1 -1 -1 -1 -1 -1 -1
4707 -1 -1 4 6 9 -1 -1 -1 7 5 -1 -1 -1 8 0 -1 -1 -1 -1 2 -1 -1 -1 -1 3 -1 -1 -1 -1 1 -1 -1 -1 -1 10 -1 -1 -1 -1 -1
5105 -1 -1 4 6 9 -1 -1 -1 7 5 -1 -1 -1 8 0 -1 -1 -1 -1 2 -1 -1 -1 -1 3 -1 -1 -1 -1 1 -1 -1 -1 -1 10 -1 -1 -1 -1 11
5587 -1 4 12 6 9 -1 -1 -1 7 5 -1 -1 -1 8 0 -1 -1 -1 -1 2 -1 -1 -1 -1 3 -1 -1 -1 -1 1 -1 -1 -1 -1 10 -1 -1 -1 -1 11
5844 -1 4 12 6 13 -1 -1 -1 7 5 -1 -1 -1 8 0 -1 -1 -1 9 2 -1 -1 -1 -1 3 -1 -1 -1 -1 1 -1 -1 -1 -1 10 -1 -1 -1 -1 11
6007 -1 4 12 7 5 -1 -1 6 8 0 -1 -1 -1 9 2 -1 -1 -1 13 3 -1 -1 -1 -1 1 -1 -1 -1 -1 10 -1 -1 -1 -1 11 -1 -1 -1 -1 14
6428 -1 4 12 7 5 -1 -1 6 8 2 -1 -1 -1 9 3 -1 -1 -1 13 1 -1 -1 -1 0 10 -1 -1 -1 -1 11 -1 -1 -1 -1 14 -1 -1 -1 -1 15
7085 4 12 6 8 0 -1 -1 7 9 3 -1 -1 -1 13 1 -1 -1 -1 5 10 -1 -1 -1 2 11 -1 -1 -1 -1 14 -1 -1 -1 -1 15 -1 -1 -1 -1 16
7668 4 12 6 9 2 -1 -1 7 13 1 -1 -1 8 5 10 -1 -1 -1 0 17 -1 -1 -1 3 11 -1 -1 -1 -1 14 -1 -1 -1 -1 15 -1 -1 -1 -1 16
7825 4 12 6 9 0 -1 -1 7 13 3 -1 -1 8 18 10 -1 -1 -1 5 17 -1 -1 -1 2 11 -1 -1 -1 1 14 -1 -1 -1 -1 15 -1 -1 -1 -1 16
8237 4 12 6 9 0 -1 -1 7 13 3 -1 -1 8 18 10 -1 -1 -1 5 11 -1 -1 -1 2 14 -1 -1 -1 1 15 -1 -1 -1 17 16 -1 -1 -1 -1 19
8537 4 12 6 9 0 -1 -1 7 13 3 -1 -1 8 18 10 -1 -1 -1 5 11 -1 -1 -1 2 14 -1 -1 -1 1 15 -1 -1 -1 17 16 -1 -1 -1 20 19
8757 4 12 6 13 0 -1 -1 7 18 3 -1 -1 8 21 10 -1 -1 9 5 11 -1 -1 -1 2 14 -1 -1 -1 1 15 -1 -1 -1 17 16 -1 -1 -1 20 19
9304 4 12 7 18 2 -1 6 8 21 1 -1 -1 9 5 17 -1 -1 13 0 20 -1 -1 -1 3 15 -1 -1 -1 10 16 -1 -1 -1 11 19 -1 -1 -1 14 22
9713 4 12 6 13 2 -1 23 7 21 1 -1 -1 8 5 17 -1 -1 9 0 20 -1 -1 18 3 15 -1 -1 -1 10 16 -1 -1 -1 11 19 -1 -1 -1 14 22
9896 4 23 7 18 3 12 6 8 5 10 -1 -1 9 0 11 -1 -1 13 2 14 -1 -1 21 1 16 -1 -1 -1 17 19 -1 -1 -1 20 22 -1 -1 -1 15 24
10418 4 23 8 21 1 12 6 9 0 17 -1 7 13 2 20 -1 -1 18 3 15 -1 -1 5 10 19 -1 -1 -1 11 22 -1 -1 -1 14 24 -1 -1 -1 16 25
11041 4 23 8 21 10 12 6 9 0 11 -1 7 13 3 14 -1 -1 18 1 16 -1 -1 5 17 22 -1 -1 2 20 24 -1 -1 -1 15 26 -1 -1 -1 19 25
11071 12 27 8 21 10 23 4 9 0 11 -1 6 13 3 14 -1 7 18 1 16 -1 -1 5 17 22 -1 -1 2 20 24 -1 -1 -1 15 26 -1 -1 -1 19 25
11371 12 4 8 21 17 23 27 9 0 20 -1 6 13 3 15 -1 7 18 10 19 -1 -1 5 11 24 -1 -1 2 14 26 -1 -1 1 16 25 -1 -1 -1 22 28
11795 12 27 9 5 17 23 6 13 0 20 4 7 18 3 15 -1 8 21 10 19 -1 -1 29 11 24 -1 -1 2 14 26 -1 -1 1 16 25 -1 -1 -1 22 28
12067 12 27 9 5 11 23 6 13 0 14 4 7 18 3 16 -1 8 21 10 22 -1 -1 29 20 26 -1 -1 2 15 30 -1 -1 1 19 25 -1 -1 17 24 28
12607 12 27 9 29 20 23 6 18 2 15 4 7 21 1 19 -1 8 5 17 24 -1 13 0 14 30 -1 -1 3 16 25 -1 -1 10 22 28 -1 -1 11 26 31
13078 12 6 13 0 14 23 7 21 3 16 4 8 5 10 22 27 9 29 11 26 -1 18 2 15 30 -1 -1 1 19 25 -1 -1 17 24 28 -1 -1 20 32 31
13549 12 6 13 2 15 23 7 21 1 19 4 8 29 17 24 27 9 0 20 32 -1 18 3 16 25 -1 5 10 22 28 -1 -1 11 26 31 -1 -1 14 30 33
13944 12 6 13 3 16 23 7 21 10 19 4 8 29 11 24 27 9 2 14 32 -1 18 1 34 25 -1 5 17 22 28 -1 0 20 26 31 -1 -1 15 30 33
14363 12 6 18 1 34 23 8 5 17 19 4 9 0 20 24 27 13 3 15 32 7 21 10 35 25 -1 29 11 22 28 -1 2 14 26 31 -1 -1 16 30 33
15011 12 6 18 10 35 23 8 5 11 22 4 9 0 14 26 27 13 3 16 36 7 21 17 19 25 -1 29 20 24 28 -1 2 15 32 31 -1 1 34 30 33
15337 12 6 21 17 19 23 8 29 20 24 4 13 2 15 32 27 18 1 34 30 7 5 11 22 25 9 0 14 26 28 -1 3 16 36 31 -1 10 35 37 33
15674 12 6 5 11 22 23 8 0 14 26 4 13 3 16 36 27 21 10 35 37 7 29 20 24 28 9 2 15 32 31 18 1 34 30 38 -1 17 19 25 33
16163 12 6 29 20 24 23 8 2 15 32 4 13 1 34 30 27 21 17 19 25 7 0 14 26 31 9 3 16 36 38 18 10 35 37 33 5 11 22 28 39
16813 12 7 0 14 26 23 9 3 16 36 4 18 10 35 37 6 5 11 22 28 8 2 15 32 38 13 1 34 30 33 21 17 19 25 39 29 20 24 31 40
17356 12 7 2 15 41 23 9 1 34 36 4 18 17 19 37 6 29 20 24 28 8 3 16 32 38 13 10 35 30 33 21 11 22 25 39 0 14 26 31 40
17888 12 7 2 16 32 23 9 1 35 30 4 18 17 22 25 6 29 20 26 28 8 3 34 36 38 13 10 19 37 33 21 11 24 42 39 0 15 41 31 40
18285 12 7 2 34 36 23 9 10 19 37 4 18 11 24 42 6 29 15 41 31 8 3 35 30 38 13 17 22 25 33 21 20 26 28 39 0 16 32 43 40
19057 12 7 2 34 30 23 9 10 19 25 4 18 11 26 28 6 29 15 32 43 8 3 35 37 33 13 17 22 42 39 21 20 41 31 40 0 16 36 38 44
19342 12 7 3 34 30 23 9 17 19 25 4 18 20 26 28 6 29 15 32 43 8 10 35 37 33 13 11 22 42 39 21 45 41 31 40 2 16 36 38 44
19529 12 7 10 35 37 23 9 11 22 42 4 21 45 41 31 6 2 16 36 38 8 17 19 25 46 13 20 26 28 39 29 15 32 43 40 3 34 30 33 44
20079 12 7 10 35 25 23 9 11 22 28 4 21 45 41 43 6 2 16 36 33 8 17 19 42 47 13 20 26 31 39 29 15 32 38 40 3 34 37 46 44
20382 12 7 17 48 25 23 9 20 22 28 4 29 15 41 43 6 3 34 36 33 8 11 19 42 47 13 45 26 31 39 2 16 32 38 40 10 35 37 46 44
20717 12 7 17 48 25 23 9 20 22 31 4 29 15 41 38 6 3 34 36 46 8 11 19 42 49 13 45 26 43 39 2 16 32 33 40 10 35 37 47 44
21196 12 8 11 19 42 23 13 45 26 43 4 2 16 32 33 7 10 35 37 47 9 20 22 31 39 29 15 41 38 40 3 34 36 46 50 17 48 25 49 44
21277 12 8 20 22 42 23 29 15 41 43 4 3 34 32 33 7 17 48 37 47 9 45 26 31 39 2 16 51 38 40 10 35 36 46 50 11 19 25 49 44
21781 12 8 45 26 31 23 29 16 51 38 4 3 35 36 46 7 17 19 25 49 9 15 41 43 40 2 34 32 33 50 10 48 37 47 44 11 22 42 39 52
22191 12 8 45 26 31 23 29 16 51 33 4 3 35 36 47 7 17 19 25 39 9 15 41 43 50 2 34 32 46 53 10 48 37 49 44 11 22 42 40 52
22633 12 8 45 26 43 23 29 16 51 33 4 3 35 36 47 7 17 19 42 39 9 15 41 54 50 2 34 32 46 53 10 48 25 49 44 11 22 31 40 52
22836 12 8 45 26 43 23 29 16 51 33 4 3 35 36 49 7 17 19 42 40 9 15 41 54 50 2 34 32 47 53 10 48 25 39 44 11 22 31 55 52
23011 12 8 45 26 54 23 29 16 32 47 4 3 35 25 39 7 17 19 31 40 9 15 41 33 50 2 34 36 49 53 10 48 42 56 44 11 22 43 55 52
23615 12 8 45 41 33 23 29 16 36 49 4 3 35 42 56 7 17 22 43 55 9 15 32 47 53 2 34 25 39 44 10 48 31 40 57 11 26 54 50 52
23821 12 8 15 32 47 23 29 34 25 39 4 3 48 31 40 7 17 26 54 50 9 16 36 49 44 2 35 42 56 58 10 22 43 55 57 45 41 33 53 52
23821 12 8 15 32 47 23 29 34 25 39 4 3 48 31 40 7 17 26 54 50 9 16 36 49 44 2 35 42 56 58 10 22 43 55 57 45 41 33 53 52
23844 23 8 16 36 49 4 2 35 42 56 12 10 22 43 60 7 45 41 33 50 29 34 25 39 44 3 48 31 40 58 17 26 54 55 57 15 32 47 53 52
24023 23 7 15 32 49 4 29 34 25 56 12 3 48 31 60 61 17 26 54 50 8 16 36 39 44 2 35 42 40 58 10 22 43 55 57 45 41 47 53 52
24023 23 7 15 32 49 4 29 34 25 56 12 3 48 31 60 61 17 26 54 50 8 16 36 39 44 2 35 42 40 58 10 22 43 55 57 45 41 47 53 52
24023 23 7 15 32 49 4 29 34 25 56 12 3 48 31 60 61 17 26 54 50 8 16 36 39 44 2 35 42 40 58 10 22 43 55 57 45 41 47 53 52
24023 23 7 15 32 49 4 29 34 25 56 12 3 48 31 60 61 17 26 54 50 8 16 36 39 44 2 35 42 40 58 10 22 43 55 57 45 41 47 53 52
24023 23 7 15 32 49 4 29 34 25 56 12 3 48 31 60 61 17 26 54 50 8 16 36 39 44 2 35 42 40 58 10 22 43 55 57 45 41 47 53 52
24023 23 7 15 32 49 4 29 34 25 56 12 3 48 31 60 61 17 26 54 50 8 16 36 39 44 2 35 42 40 58 10 22 43 55 57 45 41 47 53 52
24023 23 7 15 32 49 4 29 34 25 56 12 3 48 31 60 61 17 26 54 50 8 16 36 39 44 2 35 42 40 58 10 22 43 55 57 45 41 47 53 52
24023 23 7 15 32 49 4 29 34 25 56 12 3 48 31 60 61 17 26 54 50 8 16 36 39 44 2 35 42 40 58 10 22 43 55 57 45 41 47 53 52
24023 23 7 15 32 49 4 29 34 25 56 12 3 48 31 60 61 17 26 54 50 8 16 36 39 44 2 35 42 40 58 10 22 43 55 57 45 41 47 53 52
24023 23 7 15 32 49 4 29 34 25 56 12 3 48 31 60 61 17 26 54 50 8 16 36 39 44 2 35 42 40 58 10 22 43 55 57 45 41 47 53 52
24023 23 7 15 32 49 4 29 34 25 56 12 3 48 31 60 61 17 26 54 50 8 16 36 39 44 2 35 42 40 58 10 22 43 55 57 45 41 47 53 52
24023 23 7 15 32 49 4 29 34 25 56 12 3 48 31 60 61 17 26 54 50 8 16 36 39 44 2 35 42 40 58 10 22 43 55 57 45 41 47 53 52
24023 23 7 15 32 49 4 29 34 25 56 12 3 48 31 60 61 17 26 54 50 8 16 36 39 44 2 35 42 40 58 10 22 43 55 57 45 41 47 53 52
24023 23 7 15 32 49 4 29 34 25 56 12 3 48 31 60 61 17 26 54 50 8 16 36 39 44 2 35 42 40 58 10 22 43 55 57 45 41 47 53 52
24023 23 7 15 32 49 4 29 34 25 56 12 3 48 31 60 61 17 26 54 50 8 16 36 39 44 2 35 42 40 58 10 22 43 55 57 45 41 47 53 52
24023 23 7 15 32 49 4 29 34 25 56 12 3 48 31 60 61 17 26 54 50 8 16 36 39 44 2 35 42 40 58 10 22 43 55 57 45 41 47 53 52
24047 4 7 16 36 49 12 29 35 42 56 23 3 22 77 60 61 17 41 54 50 8 34 25 39 44 2 48 31 40 58 10 26 43 55 57 45 32 47 53 52
24090 78 23 45 36 49 4 8 35 42 56 12 2 22 77 60 61 10 41 54 50 7 16 25 39 44 29 48 31 40 58 3 26 43 55 57 17 32 47 53 52
24090 78 23 45 36 49 4 8 35 42 56 12 2 22 77 60 61 10 41 54 50 7 16 25 39 44 29 48 31 40 58 3 26 43 55 57 17 32 47 53 52
24090 78 23 45 36 49 4 8 35 42 56 12 2 22 77 60 61 10 41 54 50 7 16 25 39 44 29 48 31 40 58 3 26 43 55 57 17 32 47 53 52
24090 78 23 45 36 49 4 8 35 42 56 12 2 22 77 60 61 10 41 54 50 7 16 25 39 44 29 48 31 40 58 3 26 43 55 57 17 32 47 53 52
24090 78 23 45 36 49 4 8 35 42 56 12 2 22 77 60 61 10 41 54 50 7 16 25 39 44 29 48 31 40 58 3 26 43 55 57 17 32 47 53 52
24090 78 23 45 36 49 4 8 35 42 56 12 2 22 77 60 61 10 41 54 50 7 16 25 39 44 29 48 31 40 58 3 26 43 55 57 17 32 47 53 52
24090 78 23 45 36 49 4 8 35 42 56 12 2 22 77 60 61 10 41 54 50 7 16 25 39 44 29 48 31 40 58 3 26 43 55 57 17 32 47 53 52
24090 78 23 45 36 49 4 8 35 42 56 12 2 22 77 60 61 10 41 54 50 7 16 25 39 44 29 48 31 40 58 3 26 43 55 57 17 32 47 53 52
24090 78 23 45 36 49 4 8 35 42 56 12 2 22 77 60 61 10 41 54 50 7 16 25 39 44 29 48 31 40 58 3 26 43 55 57 17 32 47 53 52
24111 78 12 45 36 47 23 8 35 42 56 4 2 22 77 60 61 10 41 43 50 7 16 25 49 44 29 48 87 40 58 3 26 31 55 57 17 32 54 53 52
24111 78 12 45 36 47 23 8 35 42 56 4 2 22 77 60 61 10 41 43 50 7 16 25 49 44 29 48 87 40 58 3 26 31 55 57 17 32 54 53 52
24111 78 12 45 36 47 23 8 35 42 56 4 2 22 77 60 61 10 41 43 50 7 16 25 49 44 29 48 87 40 58 3 26 31 55 57 17 32 54 53 52
24111 78 12 45 36 47 23 8 35 42 56 4 2 22 77 60 61 10 41 43 50 7 16 25 49 44 29 48 87 40 58 3 26 31 55 57 17 32 54 53 52
24111 78 12 45 36 47 23 8 35 42 56 4 2 22 77 60 61 10 41 43 50 7 16 25 49 44 29 48 87 40 58 3 26 31 55 57 17 32 54 53 52
24111 78 12 45 36 47 23 8 35 42 56 4 2 22 77 60 61 10 41 43 50 7 16 25 49 44 29 48 87 40 58 3 26 31 55 57 17 32 54 53 52
24111 78 12 45 36 47 23 8 35 42 56 4 2 22 77 60 61 10 41 43 50 7 16 25 49 44 29 48 87 40 58 3 26 31 55 57 17 32 54 53 52
24165 78 4 45 94 47 12 8 48 25 56 23 2 22 42 60 61 10 41 43 50 7 16 36 49 44 29 35 87 40 58 3 26 31 55 57 17 32 54 53 52
24165 78 4 45 94 47 12 8 48 25 56 23 2 22 42 60 61 10 41 43 50 7 16 36 49 44 29 35 87 40 58 3 26 31 55 57 17 32 54 53 52
24165 78 4 45 94 47 12 8 48 25 56 23 2 22 42 60 61 10 41 43 50 7 16 36 49 44 29 35 87 40 58 3 26 31 55 57 17 32 54 53 52
24165 78 4 45 94 47 12 8 48 25 56 23 2 22 42 60 61 10 41 43 50 7 16 36 49 44 29 35 87 40 58 3 26 31 55 57 17 32 54 53 52
24165 78 4 45 94 47 12 8 48 25 56 23 2 22 42 60 61 10 41 43 50 7 16 36 49 44 29 35 87 40 58 3 26 31 55 57 17 32 54 53 52
24165 78 4 45 94 47 12 8 48 25 56 23 2 22 42 60 61 10 41 43 50 7 16 36 49 44 29 35 87 40 58 3 26 31 55 57 17 32 54 53 52
