29637 -1 -1 -1 -1 -1 -1 -1 -1 -1 -1 -1 -1 -1 -1 -1 -1 -1 -1 -1 -1 -1 -1 -1 -1 -1 -1 -1 -1 -1 -1 -1 -1 -1 -1 -1 -1 -1 -1 -1 -1 -1 -1 -1 -1 -1 -1 -1 -1 -1 -1 -1 -1 -1 -1 -1 -1 -1 -1 -1 -1
29637 -1 -1 -1 -1 -1 -1 -1 -1 -1 -1 -1 -1 -1 -1 -1 -1 -1 -1 -1 -1 -1 -1 -1 -1 -1 -1 -1 -1 -1 -1 -1 -1 -1 -1 -1 -1 -1 -1 -1 -1 -1 -1 -1 -1 -1 -1 -1 -1 -1 -1 -1 -1 -1 -1 -1 -1 -1 -1 -1 -1
29932 -1 -1 -1 -1 -1 -1 -1 -1 -1 -1 -1 -1 -1 -1 -1 -1 -1 -1 -1 -1 -1 -1 -1 -1 -1 -1 -1 1 -1 -1 -1 -1 -1 -1 -1 -1 -1 -1 -1 -1 -1 -1 -1 -1 -1 -1 -1 -1 -1 -1 -1 -1 -1 -1 -1 -1 -1 -1 -1 -1
32349 -1 -1 -1 -1 -1 -1 -1 -1 -1 -1 -1 -1 -1 -1 -1 -1 -1 -1 -1 -1 -1 -1 2 -1 -1 -1 -1 1 -1 -1 -1 -1 -1 -1 -1 -1 -1 -1 -1 -1 -1 -1 -1 -1 -1 -1 -1 -1 -1 -1 -1 -1 -1 -1 -1 -1 -1 -1 -1 -1
33045 -1 -1 -1 -1 -1 -1 -1 -1 -1 -1 -1 -1 -1 -1 -1 -1 -1 -1 -1 -1 -1 -1 2 -1 -1 3 -1 1 -1 -1 -1 -1 -1 -1 -1 -1 -1 -1 -1 -1 -1 -1 -1 -1 -1 -1 -1 -1 -1 -1 -1 -1 -1 -1 -1 -1 -1 -1 -1 -1
33212 -1 -1 -1 -1 -1 -1 -1 -1 -1 -1 -1 -1 -1 -1 -1 -1 -1 -1 -1 -1 -1 -1 2 -1 -1 3 4 1 -1 -1 -1 -1 -1 -1 -1 -1 -1 -1 -1 -1 -1 -1 -1 -1 -1 -1 -1 -1 -1 -1 -1 -1 -1 -1 -1 -1 -1 -1 -1 -1
35878 -1 -1 -1 -1 -1 -1 -1 -1 -1 -1 2 -1 -1 -1 -1 -1 -1 -1 -1 -1 -1 -1 5 -1 -1 3 4 1 -1 -1 -1 -1 -1 -1 -1 -1 -1 -1 -1 -1 -1 -1 -1 -1 -1 -1 -1 -1 -1 -1 -1 -1 -1 -1 -1 -1 -1 -1 -1 -1
37212 -1 -1 -1 -1 -1 -1 -1 -1 -1 -1 6 -1 -1 -1 -1 -1 -1 -1 -1 -1 -1 -1 2 -1 -1 3 4 1 -1 -1 -1 -1 -1 -1 -1 -1 -1 -1 -1 -1 -1 5 -1 -1 -1 -1 -1 -1 -1 -1 -1 -1 -1 -1 -1 -1 -1 -1 -1 -1
38940 -1 -1 -1 -1 -1 -1 -1 -1 -1 -1 6 -1 -1 -1 -1 -1 -1 -1 -1 -1 -1 -1 7 -1 -1 3 4 1 -1 -1 -1 -1 -1 -1 -1 -1 -1 -1 -1 -1 -1 2 -1 -1 -1 5 -1 -1 -1 -1 -1 -1 -1 -1 -1 -1 -1 -1 -1 -1
40732 -1 -1 -1 -1 -1 -1 -1 -1 -1 -1 8 -1 -1 -1 -1 -1 -1 -1 -1 -1 -1 -1 7 -1 -1 3 4 1 -1 -1 -1 -1 -1 -1 -1 -1 -1 -1 -1 -1 -1 2 -1 -1 -1 5 -1 -1 -1 -1 -1 6 -1 -1 -1 -1 -1 -1 -1 -1
41270 -1 -1 -1 -1 -1 -1 -1 -1 -1 -1 8 -1 -1 -1 9 -1 -1 -1 -1 -1 -1 -1 7 -1 -1 3 4 1 -1 -1 -1 -1 -1 -1 -1 -1 -1 -1 -1 -1 -1 2 -1 -1 -1 5 -1 -1 -1 -1 -1 6 -1 -1 -1 -1 -1 -1 -1 -1
42996 -1 -1 -1 -1 -1 -1 -1 -1 -1 -1 7 -1 8 -1 9 -1 -1 -1 -1 -1 -1 -1 2 -1 -1 3 4 1 -1 -1 -1 -1 -1 -1 -1 -1 -1 -1 -1 -1 -1 5 -1 -1 -1 10 -1 -1 -1 -1 -1 6 -1 -1 -1 -1 -1 -1 -1 -1
45143 -1 -1 -1 -1 -1 -1 -1 -1 -1 -1 2 -1 8 -1 9 -1 -1 -1 -1 7 -1 -1 11 -1 -1 3 4 1 -1 -1 -1 -1 -1 -1 -1 -1 -1 -1 -1 -1 -1 5 -1 -1 -1 10 -1 -1 -1 -1 -1 6 -1 -1 -1 -1 -1 -1 -1 -1
46772 -1 -1 -1 -1 -1 -1 -1 -1 -1 -1 2 -1 8 -1 9 -1 -1 -1 -1 7 -1 -1 12 -1 -1 3 4 1 -1 -1 -1 -1 -1 -1 -1 -1 -1 -1 -1 -1 -1 11 -1 -1 -1 5 -1 -1 -1 -1 -1 6 -1 -1 -1 -1 -1 -1 -1 10
47801 -1 -1 -1 -1 -1 -1 -1 -1 -1 -1 2 -1 8 -1 9 -1 -1 -1 -1 7 -1 -1 12 -1 -1 13 4 1 -1 -1 -1 -1 -1 -1 -1 -1 -1 -1 -1 -1 -1 11 -1 -1 3 5 -1 -1 -1 -1 -1 6 -1 -1 -1 -1 -1 -1 -1 10
48632 -1 -1 -1 -1 -1 -1 -1 -1 -1 -1 2 -1 8 -1 9 -1 -1 -1 -1 7 -1 -1 12 -1 -1 13 4 1 -1 3 -1 -1 -1 -1 -1 -1 -1 -1 -1 -1 -1 11 -1 -1 14 5 -1 -1 -1 -1 -1 6 -1 -1 -1 -1 -1 -1 -1 10
48782 -1 -1 -1 -1 -1 -1 -1 -1 -1 -1 2 -1 8 -1 15 -1 -1 -1 -1 7 -1 -1 12 -1 -1 13 4 1 -1 14 -1 -1 -1 -1 -1 -1 -1 -1 -1 -1 -1 11 -1 -1 9 5 -1 -1 -1 -1 -1 6 -1 3 -1 -1 -1 -1 -1 10
50668 -1 -1 -1 -1 -1 -1 -1 -1 -1 -1 16 -1 7 -1 15 -1 -1 -1 -1 2 -1 -1 12 -1 -1 6 4 1 9 3 -1 -1 -1 -1 -1 -1 -1 -1 -1 -1 -1 11 -1 -1 14 5 -1 -1 -1 -1 -1 8 -1 13 -1 -1 -1 -1 -1 10
52326 -1 -1 -1 -1 -1 -1 -1 -1 -1 -1 16 -1 7 -1 15 -1 -1 -1 -1 2 -1 -1 12 -1 17 6 4 1 9 3 -1 -1 -1 -1 -1 -1 -1 -1 -1 -1 -1 11 -1 -1 14 5 -1 -1 -1 -1 -1 8 -1 13 -1 -1 -1 -1 -1 10
54385 -1 -1 -1 -1 -1 -1 -1 -1 -1 -1 12 -1 7 -1 15 -1 -1 -1 -1 2 -1 -1 18 -1 16 6 4 1 9 3 -1 -1 -1 -1 -1 -1 -1 -1 -1 -1 -1 11 -1 17 14 5 -1 -1 -1 -1 -1 8 -1 13 -1 -1 -1 -1 -1 10
54681 -1 -1 -1 -1 -1 -1 -1 -1 -1 -1 12 -1 7 -1 19 -1 -1 -1 -1 2 -1 -1 18 -1 16 6 4 1 9 3 -1 -1 -1 -1 -1 -1 -1 -1 -1 -1 -1 11 -1 17 14 5 -1 -1 -1 -1 -1 8 -1 13 -1 -1 -1 -1 -1 10
56280 -1 -1 -1 -1 -1 -1 -1 -1 -1 -1 18 -1 7 -1 19 -1 -1 -1 -1 2 -1 -1 20 -1 12 6 17 1 9 3 -1 -1 -1 -1 -1 -1 -1 -1 -1 -1 -1 11 -1 16 14 5 -1 -1 -1 -1 -1 8 -1 13 -1 -1 -1 -1 -1 10
57643 -1 -1 -1 -1 -1 -1 -1 -1 -1 -1 20 -1 2 -1 19 -1 -1 -1 -1 17 -1 -1 11 -1 18 8 16 1 14 13 -1 -1 -1 -1 -1 -1 -1 -1 -1 9 -1 5 -1 12 3 10 -1 -1 -1 -1 -1 7 -1 6 -1 -1 -1 -1 -1 21
58933 -1 -1 -1 -1 -1 -1 -1 -1 -1 -1 11 -1 17 -1 19 -1 -1 -1 -1 16 -1 -1 22 -1 20 7 12 1 3 6 -1 -1 -1 -1 -1 -1 -1 -1 9 14 -1 5 -1 18 13 10 -1 -1 -1 -1 -1 2 -1 8 -1 -1 -1 -1 -1 21
59823 -1 -1 -1 -1 -1 -1 -1 -1 -1 -1 11 -1 17 -1 19 -1 -1 -1 -1 16 -1 -1 22 -1 20 7 12 1 3 6 -1 -1 -1 -1 -1 -1 -1 9 14 23 -1 5 -1 18 13 10 -1 -1 -1 -1 -1 2 -1 8 -1 -1 -1 -1 -1 21
60366 -1 -1 -1 -1 -1 -1 -1 -1 -1 -1 11 -1 17 -1 19 -1 -1 -1 -1 16 -1 -1 22 6 20 7 12 1 24 13 -1 -1 -1 -1 -1 -1 -1 9 14 23 -1 5 -1 18 3 10 -1 -1 -1 -1 -1 2 -1 8 -1 -1 -1 -1 -1 21
60366 -1 -1 -1 -1 -1 -1 -1 -1 -1 -1 11 -1 17 -1 19 -1 -1 -1 -1 16 -1 -1 22 6 20 7 12 1 24 13 -1 -1 -1 -1 -1 -1 -1 9 14 23 -1 5 -1 18 3 10 -1 -1 -1 -1 -1 2 -1 8 -1 -1 -1 -1 -1 21
60402 -1 -1 -1 24 -1 -1 -1 -1 -1 -1 11 -1 17 -1 19 -1 -1 -1 -1 16 -1 -1 22 6 20 7 12 1 26 13 -1 -1 -1 -1 -1 -1 -1 9 14 23 -1 5 -1 18 3 10 -1 -1 -1 -1 -1 2 -1 8 -1 -1 -1 -1 -1 21
60550 -1 -1 -1 24 -1 -1 27 -1 -1 -1 11 -1 17 -1 19 -1 -1 -1 -1 16 -1 -1 22 6 20 7 12 1 26 13 -1 -1 -1 -1 -1 -1 -1 9 14 23 -1 5 -1 18 3 10 -1 -1 -1 -1 -1 2 -1 8 -1 -1 -1 -1 -1 21
62187 -1 -1 -1 24 -1 -1 27 -1 -1 -1 11 -1 17 -1 19 -1 -1 -1 -1 16 -1 -1 22 6 18 7 12 1 26 13 -1 -1 -1 -1 -1 -1 20 9 14 23 -1 5 -1 28 3 10 -1 -1 -1 -1 -1 2 -1 8 -1 -1 -1 -1 -1 21
63413 -1 -1 -1 24 -1 -1 27 -1 -1 -1 11 -1 17 -1 19 -1 -1 -1 -1 29 -1 -1 22 6 28 7 16 1 26 13 -1 -1 -1 -1 -1 -1 18 9 14 23 -1 5 -1 12 3 10 -1 -1 -1 -1 20 2 -1 8 -1 -1 -1 -1 -1 21
64506 -1 -1 -1 26 -1 -1 27 -1 -1 -1 11 -1 17 -1 19 -1 -1 -1 -1 29 -1 -1 22 6 28 7 16 1 3 30 -1 -1 -1 -1 -1 -1 18 9 14 24 -1 5 -1 12 13 10 -1 -1 -1 -1 20 2 -1 8 -1 23 -1 -1 -1 21
65316 -1 -1 -1 3 -1 -1 27 -1 -1 -1 11 -1 17 -1 19 -1 -1 -1 -1 29 -1 -1 22 31 28 7 16 1 13 6 -1 -1 -1 -1 -1 -1 18 9 14 24 -1 5 -1 12 30 10 -1 -1 -1 -1 20 2 -1 8 -1 23 -1 -1 -1 21
65560 -1 -1 -1 32 -1 -1 27 -1 -1 -1 11 -1 2 -1 19 -1 -1 -1 -1 17 -1 -1 22 6 28 8 29 1 3 30 -1 -1 -1 -1 16 -1 18 9 14 24 -1 5 -1 12 13 10 -1 -1 -1 -1 20 7 -1 31 -1 23 -1 -1 -1 21
67225 -1 -1 -1 32 -1 -1 27 -1 6 -1 22 -1 17 -1 19 -1 -1 -1 -1 29 -1 -1 33 31 18 7 16 1 3 30 -1 -1 -1 -1 12 -1 20 9 14 24 -1 5 -1 28 13 10 -1 -1 -1 -1 11 2 -1 8 -1 23 -1 -1 -1 21
67713 -1 -1 -1 32 24 -1 27 -1 6 -1 22 -1 17 -1 19 -1 -1 -1 -1 29 -1 -1 33 31 18 7 16 1 3 30 -1 -1 -1 -1 12 -1 20 9 34 23 -1 5 -1 28 13 10 -1 -1 -1 -1 11 2 -1 8 -1 14 -1 -1 -1 21
69070 -1 -1 -1 32 24 -1 27 -1 31 -1 22 -1 17 -1 19 -1 -1 -1 -1 29 -1 -1 33 8 18 7 16 30 3 6 -1 -1 -1 -1 12 -1 20 9 34 23 -1 5 -1 28 13 10 -1 -1 -1 -1 11 2 -1 35 -1 14 -1 -1 -1 21
69070 -1 -1 -1 32 24 -1 27 -1 31 -1 22 -1 17 -1 19 -1 -1 -1 -1 29 -1 -1 33 8 18 7 16 30 3 6 -1 -1 -1 -1 12 -1 20 9 34 23 -1 5 -1 28 13 10 -1 -1 -1 -1 11 2 -1 35 -1 14 -1 -1 -1 21
69336 28 -1 -1 32 24 -1 27 -1 6 -1 22 -1 2 -1 19 -1 -1 -1 -1 17 -1 -1 33 31 18 35 29 30 3 37 -1 -1 -1 -1 16 -1 20 9 34 23 -1 5 -1 12 13 10 -1 -1 -1 -1 11 7 -1 8 -1 14 -1 -1 -1 21
69336 28 -1 -1 32 24 -1 27 -1 6 -1 22 -1 2 -1 19 -1 -1 -1 -1 17 -1 -1 33 31 18 35 29 30 3 37 -1 -1 -1 -1 16 -1 20 9 34 23 -1 5 -1 12 13 10 -1 -1 -1 -1 11 7 -1 8 -1 14 -1 -1 -1 21
69587 28 -1 -1 32 24 -1 27 -1 37 -1 22 -1 2 -1 19 -1 -1 -1 -1 17 -1 -1 33 6 18 8 29 13 3 30 -1 -1 -1 -1 16 -1 20 9 34 23 -1 5 -1 12 39 10 -1 -1 -1 -1 11 35 -1 31 -1 14 -1 -1 7 21
70305 28 -1 -1 32 24 -1 27 -1 37 -1 22 -1 2 -1 19 -1 -1 -1 -1 17 -1 -1 33 6 18 35 29 13 3 30 -1 -1 -1 -1 16 31 20 9 34 23 -1 5 -1 12 39 10 -1 -1 -1 -1 11 7 -1 8 -1 14 -1 -1 40 21
70935 28 -1 -1 3 32 -1 27 -1 37 -1 22 -1 2 -1 19 -1 -1 -1 34 17 -1 -1 33 6 18 35 29 41 39 30 -1 -1 -1 -1 16 31 20 9 14 24 -1 5 -1 12 13 10 -1 -1 -1 -1 11 7 -1 8 -1 23 -1 -1 40 21
72280 12 -1 -1 3 32 -1 27 -1 37 11 22 -1 2 -1 19 -1 -1 -1 34 17 -1 -1 33 6 28 35 29 41 39 30 -1 -1 -1 -1 42 31 18 9 14 24 -1 5 -1 16 13 10 -1 -1 -1 -1 20 7 -1 8 -1 23 -1 -1 40 21
73801 12 -1 -1 3 32 -1 27 -1 37 22 33 -1 2 -1 19 -1 -1 -1 34 17 28 -1 43 6 18 35 29 41 39 30 -1 -1 -1 -1 42 31 20 9 14 24 -1 5 -1 16 13 10 -1 -1 -1 -1 11 7 -1 8 -1 23 -1 -1 40 21
73801 12 -1 -1 3 32 -1 27 -1 37 22 33 -1 2 -1 19 -1 -1 -1 34 17 28 -1 43 6 18 35 29 41 39 30 -1 -1 -1 -1 42 31 20 9 14 24 -1 5 -1 16 13 10 -1 -1 -1 -1 11 7 -1 8 -1 23 -1 -1 40 21
73801 12 -1 -1 3 32 -1 27 -1 37 22 33 -1 2 -1 19 -1 -1 -1 34 17 28 -1 43 6 18 35 29 41 39 30 -1 -1 -1 -1 42 31 20 9 14 24 -1 5 -1 16 13 10 -1 -1 -1 -1 11 7 -1 8 -1 23 -1 -1 40 21
74792 28 -1 -1 39 3 -1 27 -1 6 46 33 -1 17 -1 19 -1 -1 -1 34 29 18 -1 43 31 20 7 42 30 13 37 -1 -1 -1 -1 16 8 11 9 14 32 -1 5 -1 12 41 10 -1 -1 -1 -1 22 40 -1 35 -1 24 23 -1 2 21
75932 12 -1 -1 39 3 -1 27 -1 6 46 33 -1 2 -1 19 -1 28 -1 34 17 18 -1 43 31 20 47 29 30 13 37 -1 -1 -1 -1 42 8 11 9 14 32 -1 5 -1 16 41 10 -1 -1 -1 -1 22 7 -1 35 -1 24 23 -1 40 21
75932 12 -1 -1 39 3 -1 27 -1 6 46 33 -1 2 -1 19 -1 28 -1 34 17 18 -1 43 31 20 47 29 30 13 37 -1 -1 -1 -1 42 8 11 9 14 32 -1 5 -1 16 41 10 -1 -1 -1 -1 22 7 -1 35 -1 24 23 -1 40 21
77038 12 -1 -1 13 39 -1 27 -1 31 46 33 -1 2 -1 19 -1 28 -1 34 17 18 -1 43 8 20 47 29 37 41 6 -1 -1 -1 -1 42 49 11 9 14 3 -1 5 -1 16 30 10 -1 -1 -1 -1 22 7 -1 35 -1 24 23 -1 40 21
77929 12 -1 -1 41 13 -1 27 -1 8 46 33 -1 2 -1 24 -1 28 -1 34 17 18 -1 43 49 20 47 29 6 30 31 -1 -1 -1 -1 42 50 11 9 14 39 -1 5 -1 16 37 10 -1 -1 -1 -1 22 7 -1 35 -1 3 23 -1 40 21
77929 12 -1 -1 41 13 -1 27 -1 8 46 33 -1 2 -1 24 -1 28 -1 34 17 18 -1 43 49 20 47 29 6 30 31 -1 -1 -1 -1 42 50 11 9 14 39 -1 5 -1 16 37 10 -1 -1 -1 -1 22 7 -1 35 -1 3 23 -1 40 21
78631 12 -1 -1 41 13 -1 27 -1 31 46 33 8 2 -1 24 -1 28 -1 34 17 18 -1 43 49 20 47 29 37 52 6 -1 -1 -1 -1 42 50 11 9 14 39 -1 5 -1 16 30 10 -1 -1 -1 -1 22 7 -1 35 -1 3 23 -1 40 21
79600 12 -1 -1 41 13 -1 27 -1 8 46 33 49 17 -1 24 -1 28 -1 34 29 18 -1 43 50 20 7 42 6 52 31 -1 -1 -1 -1 16 35 11 9 14 39 -1 5 -1 53 30 10 -1 -1 -1 -1 22 40 -1 47 -1 3 23 -1 2 21
80207 28 -1 -1 41 13 -1 27 -1 49 46 33 50 29 -1 24 -1 18 -1 34 42 20 -1 43 35 54 40 16 6 52 31 -1 -1 -1 -1 53 47 11 9 14 39 -1 5 -1 12 30 10 -1 -1 -1 -1 22 2 -1 7 8 3 23 -1 17 21
80207 28 -1 -1 41 13 -1 27 -1 49 46 33 50 29 -1 24 -1 18 -1 34 42 20 -1 43 35 54 40 16 6 52 31 -1 -1 -1 -1 53 47 11 9 14 39 -1 5 -1 12 30 10 -1 -1 -1 -1 22 2 -1 7 8 3 23 -1 17 21
80268 28 -1 -1 52 41 -1 27 -1 49 46 33 50 29 -1 3 -1 18 -1 34 42 20 -1 43 35 54 40 16 6 30 31 -1 -1 -1 -1 53 47 11 9 14 13 -1 5 -1 12 56 10 -1 -1 -1 23 22 2 -1 7 8 39 24 -1 17 21
81277 28 13 -1 30 52 -1 27 -1 50 46 33 57 29 -1 3 -1 18 -1 34 42 20 -1 43 35 54 40 16 31 56 8 -1 -1 -1 -1 53 47 11 9 14 41 -1 5 -1 12 6 10 -1 -1 -1 23 22 2 -1 7 49 39 24 -1 17 21
81428 28 41 -1 58 30 -1 27 -1 50 46 33 57 29 -1 39 -1 18 -1 34 42 20 -1 43 35 54 40 16 31 56 8 -1 -1 -1 -1 53 47 11 9 14 52 -1 5 -1 12 6 10 -1 -1 -1 23 22 2 -1 7 49 13 3 24 17 21
82723 28 41 -1 58 30 -1 27 -1 57 46 33 35 42 -1 39 -1 18 -1 34 16 20 -1 43 47 54 2 59 8 6 49 -1 -1 -1 -1 53 7 11 9 14 52 -1 5 -1 12 31 10 -1 -1 -1 23 22 17 -1 40 50 13 3 24 29 21
82936 28 52 -1 60 58 -1 27 -1 57 46 33 35 42 -1 13 -1 18 -1 14 16 20 -1 43 47 54 2 59 8 6 49 -1 -1 -1 -1 53 7 11 9 23 30 -1 5 -1 12 31 10 -1 -1 -1 24 22 17 34 40 50 41 39 3 29 21
83533 28 30 -1 6 60 -1 27 -1 35 46 33 47 42 -1 41 -1 18 -1 14 16 20 -1 43 7 54 2 59 49 31 50 -1 -1 -1 -1 53 61 11 9 23 58 -1 5 -1 12 8 10 -1 -1 -1 24 22 17 34 40 57 52 13 39 29 21
83775 28 30 -1 6 60 -1 27 -1 35 46 33 47 42 -1 41 -1 18 -1 14 16 20 -1 43 7 54 2 59 49 31 50 -1 -1 -1 -1 53 61 11 9 62 58 -1 5 -1 12 8 10 -1 -1 -1 23 22 17 34 40 57 52 13 24 29 21
83775 28 30 -1 6 60 -1 27 -1 35 46 33 47 42 -1 41 -1 18 -1 14 16 20 -1 43 7 54 2 59 49 31 50 -1 -1 -1 -1 53 61 11 9 62 58 -1 5 -1 12 8 10 -1 -1 -1 23 22 17 34 40 57 52 13 24 29 21
84815 28 58 -1 31 6 9 27 -1 47 46 33 7 42 -1 52 -1 18 -1 62 16 20 -1 43 61 54 2 59 50 8 57 -1 -1 -1 -1 53 64 11 34 23 60 -1 5 -1 12 49 10 -1 -1 -1 24 22 17 14 40 35 30 41 13 29 21
85541 18 60 -1 8 6 9 27 -1 7 65 33 61 16 31 52 -1 20 -1 62 59 54 -1 43 64 11 17 53 57 49 35 -1 -1 -1 -1 12 40 22 34 23 58 -1 5 -1 28 50 10 -1 -1 -1 24 46 29 14 2 47 30 41 13 42 21
86415 20 60 -1 8 6 9 27 -1 7 33 43 61 59 31 52 -1 54 -1 62 53 11 -1 66 40 22 29 12 57 49 35 -1 -1 -1 -1 28 2 46 34 23 58 -1 5 -1 18 50 10 -1 64 -1 24 65 42 14 17 47 30 41 13 16 21
86423 20 60 -1 8 6 9 27 -1 7 33 43 61 59 31 52 -1 54 -1 62 53 11 -1 66 40 22 29 12 57 49 35 -1 -1 67 -1 28 2 46 34 23 58 -1 5 -1 18 50 10 -1 64 -1 24 65 42 14 17 47 30 41 13 16 21
87210 20 58 -1 49 31 9 27 -1 68 33 43 61 59 8 30 34 54 -1 23 53 11 -1 66 40 22 29 12 35 50 47 -1 -1 67 -1 28 2 46 14 24 6 -1 5 -1 18 57 10 -1 64 -1 13 65 42 62 17 7 60 52 41 16 21
87210 20 58 -1 49 31 9 27 -1 68 33 43 61 59 8 30 34 54 -1 23 53 11 -1 66 40 22 29 12 35 50 47 -1 -1 67 -1 28 2 46 14 24 6 -1 5 -1 18 57 10 -1 64 -1 13 65 42 62 17 7 60 52 41 16 21
87709 20 60 -1 49 31 9 27 -1 68 33 43 61 59 8 52 34 54 -1 70 53 11 -1 66 40 22 29 12 35 50 47 -1 -1 67 -1 28 2 46 14 23 6 -1 5 -1 18 57 10 -1 64 -1 24 65 42 62 17 7 30 41 13 16 21
87709 20 60 -1 49 31 9 27 -1 68 33 43 61 59 8 52 34 54 -1 70 53 11 -1 66 40 22 29 12 35 50 47 -1 -1 67 -1 28 2 46 14 23 6 -1 5 -1 18 57 10 -1 64 -1 24 65 42 62 17 7 30 41 13 16 21
87734 20 60 -1 49 31 34 27 -1 68 33 43 61 59 8 52 14 54 -1 23 53 11 -1 66 40 22 29 12 35 50 47 -1 -1 67 -1 28 2 46 62 24 6 -1 5 -1 18 57 10 -1 64 -1 72 65 42 70 17 7 30 41 13 16 21
87734 20 60 -1 49 31 34 27 -1 68 33 43 61 59 8 52 14 54 -1 23 53 11 -1 66 40 22 29 12 35 50 47 -1 -1 67 -1 28 2 46 62 24 6 -1 5 -1 18 57 10 -1 64 -1 72 65 42 70 17 7 30 41 13 16 21
88370 20 60 -1 49 31 34 27 -1 68 33 43 61 59 8 52 14 54 -1 23 53 11 35 66 40 22 29 12 47 50 74 -1 -1 67 -1 28 2 46 62 24 6 -1 5 -1 18 57 10 -1 64 -1 72 65 42 70 17 7 30 41 13 16 21
88549 20 60 -1 49 31 34 27 -1 68 33 43 61 59 8 52 14 54 -1 23 53 11 35 66 40 22 29 12 47 50 74 -1 -1 67 -1 28 2 46 62 75 6 -1 5 -1 18 57 10 -1 64 -1 24 65 42 70 17 7 30 41 13 16 21
89090 20 60 -1 49 31 34 27 -1 68 33 43 61 59 8 52 14 54 -1 23 53 11 57 66 40 22 29 12 35 76 47 -1 -1 67 -1 28 2 46 62 75 6 -1 5 74 18 50 10 -1 64 -1 24 65 42 70 17 7 30 41 13 16 21
89350 20 60 -1 76 8 34 6 -1 61 33 43 64 59 49 52 14 54 -1 23 53 11 35 66 2 22 42 12 47 50 74 -1 -1 67 -1 28 17 46 62 75 31 -1 5 7 18 57 10 -1 40 -1 24 65 77 70 29 68 30 41 13 16 21
89350 20 60 -1 76 8 34 6 -1 61 33 43 64 59 49 52 14 54 -1 23 53 11 35 66 2 22 42 12 47 50 74 -1 -1 67 -1 28 17 46 62 75 31 -1 5 7 18 57 10 -1 40 -1 24 65 77 70 29 68 30 41 13 16 21
89687 20 60 -1 79 49 34 6 -1 61 33 43 64 59 76 52 14 54 -1 23 53 11 35 66 2 22 42 12 47 50 74 -1 -1 67 -1 28 17 46 62 75 31 8 5 7 18 57 10 -1 40 -1 24 65 77 70 29 68 30 41 13 16 21
89687 20 60 -1 79 49 34 6 -1 61 33 43 64 59 76 52 14 54 -1 23 53 11 35 66 2 22 42 12 47 50 74 -1 -1 67 -1 28 17 46 62 75 31 8 5 7 18 57 10 -1 40 -1 24 65 77 70 29 68 30 41 13 16 21
89687 20 60 -1 79 49 34 6 -1 61 33 43 64 59 76 52 14 54 -1 23 53 11 35 66 2 22 42 12 47 50 74 -1 -1 67 -1 28 17 46 62 75 31 8 5 7 18 57 10 -1 40 -1 24 65 77 70 29 68 30 41 13 16 21
89687 20 60 -1 79 49 34 6 -1 61 33 43 64 59 76 52 14 54 -1 23 53 11 35 66 2 22 42 12 47 50 74 -1 -1 67 -1 28 17 46 62 75 31 8 5 7 18 57 10 -1 40 -1 24 65 77 70 29 68 30 41 13 16 21
89687 20 60 -1 79 49 34 6 -1 61 33 43 64 59 76 52 14 54 -1 23 53 11 35 66 2 22 42 12 47 50 74 -1 -1 67 -1 28 17 46 62 75 31 8 5 7 18 57 10 -1 40 -1 24 65 77 70 29 68 30 41 13 16 21
89808 20 84 -1 79 49 34 6 -1 61 33 43 64 59 76 52 14 54 -1 23 53 11 35 66 2 22 42 12 47 50 74 -1 -1 67 -1 28 17 46 62 75 31 8 5 7 18 57 10 -1 40 -1 24 65 77 70 29 68 30 41 13 16 21
89808 20 84 -1 79 49 34 6 -1 61 33 43 64 59 76 52 14 54 -1 23 53 11 35 66 2 22 42 12 47 50 74 -1 -1 67 -1 28 17 46 62 75 31 8 5 7 18 57 10 -1 40 -1 24 65 77 70 29 68 30 41 13 16 21
89808 20 84 -1 79 49 34 6 -1 61 33 43 64 59 76 52 14 54 -1 23 53 11 35 66 2 22 42 12 47 50 74 -1 -1 67 -1 28 17 46 62 75 31 8 5 7 18 57 10 -1 40 -1 24 65 77 70 29 68 30 41 13 16 21
89808 20 84 -1 79 49 34 6 -1 61 33 43 64 59 76 52 14 54 -1 23 53 11 35 66 2 22 42 12 47 50 74 -1 -1 67 -1 28 17 46 62 75 31 8 5 7 18 57 10 -1 40 -1 24 65 77 70 29 68 30 41 13 16 21
89808 20 84 -1 79 49 34 6 -1 61 33 43 64 59 76 52 14 54 -1 23 53 11 35 66 2 22 42 12 47 50 74 -1 -1 67 -1 28 17 46 62 75 31 8 5 7 18 57 10 -1 40 -1 24 65 77 70 29 68 30 41 13 16 21
90720 54 6 -1 50 76 34 31 -1 64 33 43 40 53 79 30 62 11 -1 75 12 22 47 66 17 46 77 28 74 57 7 -1 -1 14 -1 18 29 65 70 24 8 49 5 68 20 35 10 -1 2 -1 13 89 16 23 42 61 84 52 41 59 21
90720 54 6 -1 50 76 34 31 -1 64 33 43 40 53 79 30 62 11 -1 75 12 22 47 66 17 46 77 28 74 57 7 -1 -1 14 -1 18 29 65 70 24 8 49 5 68 20 35 10 -1 2 -1 13 89 16 23 42 61 84 52 41 59 21
91014 54 31 -1 57 79 34 8 -1 40 33 43 2 53 50 84 62 11 -1 75 12 22 74 66 17 46 77 28 7 35 68 -1 -1 14 -1 18 29 65 70 13 49 76 5 61 20 47 10 -1 91 -1 41 89 16 23 42 64 6 30 52 59 21
91014 54 31 -1 57 79 34 8 -1 40 33 43 2 53 50 84 62 11 -1 75 12 22 74 66 17 46 77 28 7 35 68 -1 -1 14 -1 18 29 65 70 13 49 76 5 61 20 47 10 -1 91 -1 41 89 16 23 42 64 6 30 52 59 21
91014 54 31 -1 57 79 34 8 -1 40 33 43 2 53 50 84 62 11 -1 75 12 22 74 66 17 46 77 28 7 35 68 -1 -1 14 -1 18 29 65 70 13 49 76 5 61 20 47 10 -1 91 -1 41 89 16 23 42 64 6 30 52 59 21
91014 54 31 -1 57 79 34 8 -1 40 33 43 2 53 50 84 62 11 -1 75 12 22 74 66 17 46 77 28 7 35 68 -1 -1 14 -1 18 29 65 70 13 49 76 5 61 20 47 10 -1 91 -1 41 89 16 23 42 64 6 30 52 59 21
91860 54 31 -1 57 79 34 8 -1 2 33 43 91 95 50 84 62 11 -1 75 12 22 74 66 29 46 16 28 7 35 68 -1 -1 14 -1 18 42 65 70 13 49 76 5 61 20 47 10 -1 17 -1 41 89 59 23 77 64 6 30 52 53 21
91860 54 31 -1 57 79 34 8 -1 2 33 43 91 95 50 84 62 11 -1 75 12 22 74 66 29 46 16 28 7 35 68 -1 -1 14 -1 18 42 65 70 13 49 76 5 61 20 47 10 -1 17 -1 41 89 59 23 77 64 6 30 52 53 21
92077 54 8 -1 97 50 34 49 -1 2 33 43 91 95 57 84 62 11 -1 75 12 22 74 66 29 46 16 28 7 35 68 -1 -1 14 -1 18 42 65 70 13 76 79 5 61 20 47 10 -1 17 -1 41 89 59 23 77 64 6 30 52 53 21
92077 54 8 -1 97 50 34 49 -1 2 33 43 91 95 57 84 62 11 -1 75 12 22 74 66 29 46 16 28 7 35 68 -1 -1 14 -1 18 42 65 70 13 76 79 5 61 20 47 10 -1 17 -1 41 89 59 23 77 64 6 30 52 53 21
92784 99 49 -1 35 57 34 76 8 91 33 43 17 12 97 84 62 11 -1 75 28 22 7 66 42 46 59 18 68 47 61 -1 -1 14 -1 20 77 65 70 13 79 50 5 64 54 74 10 -1 29 -1 41 89 53 23 16 2 6 30 52 95 21
92784 99 49 -1 35 57 34 76 8 91 33 43 17 12 97 84 62 11 -1 75 28 22 7 66 42 46 59 18 68 47 61 -1 -1 14 -1 20 77 65 70 13 79 50 5 64 54 74 10 -1 29 -1 41 89 53 23 16 2 6 30 52 95 21
93284 99 49 -1 35 57 34 76 8 91 33 43 17 12 97 84 62 11 -1 75 28 22 7 66 42 46 59 18 68 47 61 -1 -1 14 -1 20 77 65 70 13 79 50 5 64 54 74 10 -1 29 -1 41 89 53 23 16 2 101 30 52 95 21
93284 99 49 -1 35 57 34 76 8 91 33 43 17 12 97 84 62 11 -1 75 28 22 7 66 42 46 59 18 68 47 61 -1 -1 14 -1 20 77 65 70 13 79 50 5 64 54 74 10 -1 29 -1 41 89 53 23 16 2 101 30 52 95 21
93284 99 49 -1 35 57 34 76 8 91 33 43 17 12 97 84 62 11 -1 75 28 22 7 66 42 46 59 18 68 47 61 -1 -1 14 -1 20 77 65 70 13 79 50 5 64 54 74 10 -1 29 -1 41 89 53 23 16 2 101 30 52 95 21
93284 99 49 -1 35 57 34 76 8 91 33 43 17 12 97 84 62 11 -1 75 28 22 7 66 42 46 59 18 68 47 61 -1 -1 14 -1 20 77 65 70 13 79 50 5 64 54 74 10 -1 29 -1 41 89 53 23 16 2 101 30 52 95 21
93768 99 76 -1 47 97 34 79 49 17 33 43 29 12 35 101 62 11 -1 75 28 22 68 66 77 46 59 18 61 74 64 -1 -1 14 -1 20 105 65 70 13 50 57 5 2 54 7 10 -1 42 -1 41 89 53 23 16 91 8 30 52 95 21
94124 11 79 -1 74 35 34 50 76 29 33 43 42 28 47 8 62 106 -1 75 18 22 61 66 105 46 53 20 64 7 2 -1 -1 14 52 99 16 65 70 13 57 97 5 91 54 68 10 -1 77 -1 41 89 95 23 59 17 49 101 30 12 21
94124 11 79 -1 74 35 34 50 76 29 33 43 42 28 47 8 62 106 -1 75 18 22 61 66 105 46 53 20 64 7 2 -1 -1 14 52 99 16 65 70 13 57 97 5 91 54 68 10 -1 77 -1 41 89 95 23 59 17 49 101 30 12 21
94124 11 79 -1 74 35 34 50 76 29 33 43 42 28 47 8 62 106 -1 75 18 22 61 66 105 46 53 20 64 7 2 -1 -1 14 52 99 16 65 70 13 57 97 5 91 54 68 10 -1 77 -1 41 89 95 23 59 17 49 101 30 12 21
94124 11 79 -1 74 35 34 50 76 29 33 43 42 28 47 8 62 106 -1 75 18 22 61 66 105 46 53 20 64 7 2 -1 -1 14 52 99 16 65 70 13 57 97 5 91 54 68 10 -1 77 -1 41 89 95 23 59 17 49 101 30 12 21
94124 11 79 -1 74 35 34 50 76 29 33 43 42 28 47 8 62 106 -1 75 18 22 61 66 105 46 53 20 64 7 2 -1 -1 14 52 99 16 65 70 13 57 97 5 91 54 68 10 -1 77 -1 41 89 95 23 59 17 49 101 30 12 21
94507 11 79 49 74 35 34 50 76 29 33 43 42 28 47 101 62 106 -1 75 18 22 61 66 105 46 53 20 64 7 2 -1 -1 14 52 99 16 65 70 13 57 97 5 91 54 68 10 -1 77 -1 41 89 95 23 59 17 8 111 30 12 21
94507 11 79 49 74 35 34 50 76 29 33 43 42 28 47 101 62 106 -1 75 18 22 61 66 105 46 53 20 64 7 2 -1 -1 14 52 99 16 65 70 13 57 97 5 91 54 68 10 -1 77 -1 41 89 95 23 59 17 8 111 30 12 21
94507 11 79 49 74 35 34 50 76 29 33 43 42 28 47 101 62 106 -1 75 18 22 61 66 105 46 53 20 64 7 2 -1 -1 14 52 99 16 65 70 13 57 97 5 91 54 68 10 -1 77 -1 41 89 95 23 59 17 8 111 30 12 21
94507 11 79 49 74 35 34 50 76 29 33 43 42 28 47 101 62 106 -1 75 18 22 61 66 105 46 53 20 64 7 2 -1 -1 14 52 99 16 65 70 13 57 97 5 91 54 68 10 -1 77 -1 41 89 95 23 59 17 8 111 30 12 21
94507 11 79 49 74 35 34 50 76 29 33 43 42 28 47 101 62 106 -1 75 18 22 61 66 105 46 53 20 64 7 2 -1 -1 14 52 99 16 65 70 13 57 97 5 91 54 68 10 -1 77 -1 41 89 95 23 59 17 8 111 30 12 21
94904 11 79 49 74 35 34 50 76 17 33 43 29 12 47 101 62 106 -1 75 28 22 61 66 77 46 59 18 64 7 116 -1 -1 14 52 20 105 65 70 13 57 97 5 2 99 68 10 -1 42 -1 41 89 53 23 16 91 8 111 30 95 21
94904 11 79 49 74 35 34 50 76 17 33 43 29 12 47 101 62 106 -1 75 28 22 61 66 77 46 59 18 64 7 116 -1 -1 14 52 20 105 65 70 13 57 97 5 2 99 68 10 -1 42 -1 41 89 53 23 16 91 8 111 30 95 21
94904 11 79 49 74 35 34 50 76 17 33 43 29 12 47 101 62 106 -1 75 28 22 61 66 77 46 59 18 64 7 116 -1 -1 14 52 20 105 65 70 13 57 97 5 2 99 68 10 -1 42 -1 41 89 53 23 16 91 8 111 30 95 21
94904 11 79 49 74 35 34 50 76 17 33 43 29 12 47 101 62 106 -1 75 28 22 61 66 77 46 59 18 64 7 116 -1 -1 14 52 20 105 65 70 13 57 97 5 2 99 68 10 -1 42 -1 41 89 53 23 16 91 8 111 30 95 21
94904 11 79 49 74 35 34 50 76 17 33 43 29 12 47 101 62 106 -1 75 28 22 61 66 77 46 59 18 64 7 116 -1 -1 14 52 20 105 65 70 13 57 97 5 2 99 68 10 -1 42 -1 41 89 53 23 16 91 8 111 30 95 21
95636 11 79 49 74 35 34 50 76 17 33 43 29 12 47 101 62 106 -1 75 28 22 61 66 121 46 59 18 64 7 116 -1 -1 14 52 20 105 65 70 13 57 97 5 2 99 68 10 -1 42 -1 41 89 53 23 16 91 8 111 30 95 21
96326 106 50 76 7 47 34 57 79 29 33 43 42 28 74 8 70 122 -1 13 18 22 64 66 105 46 53 20 116 68 2 -1 -1 14 30 99 16 65 23 41 97 35 5 91 11 61 10 -1 121 -1 52 89 95 75 59 17 49 101 111 12 21
96326 106 50 76 7 47 34 57 79 29 33 43 42 28 74 8 70 122 -1 13 18 22 64 66 105 46 53 20 116 68 2 -1 -1 14 30 99 16 65 23 41 97 35 5 91 11 61 10 -1 121 -1 52 89 95 75 59 17 49 101 111 12 21
96326 106 50 76 7 47 34 57 79 29 33 43 42 28 74 8 70 122 -1 13 18 22 64 66 105 46 53 20 116 68 2 -1 -1 14 30 99 16 65 23 41 97 35 5 91 11 61 10 -1 121 -1 52 89 95 75 59 17 49 101 111 12 21
96675 106 50 76 7 47 34 57 79 29 33 43 42 28 74 8 70 122 125 13 18 22 64 66 105 46 53 20 116 68 2 -1 -1 14 30 99 16 65 23 41 97 35 5 91 11 61 10 -1 121 -1 52 89 95 75 59 17 49 101 111 12 21
96675 106 50 76 7 47 34 57 79 29 33 43 42 28 74 8 70 122 125 13 18 22 64 66 105 46 53 20 116 68 2 -1 -1 14 30 99 16 65 23 41 97 35 5 91 11 61 10 -1 121 -1 52 89 95 75 59 17 49 101 111 12 21
96675 106 50 76 7 47 34 57 79 29 33 43 42 28 74 8 70 122 125 13 18 22 64 66 105 46 53 20 116 68 2 -1 -1 14 30 99 16 65 23 41 97 35 5 91 11 61 10 -1 121 -1 52 89 95 75 59 17 49 101 111 12 21
97477 122 57 79 68 74 14 97 50 42 43 66 121 18 7 49 23 22 30 41 20 46 116 5 16 65 95 99 2 61 91 -1 -1 70 111 11 59 89 75 52 35 47 10 17 106 64 21 -1 105 -1 125 33 12 13 53 29 76 8 101 28 128
97477 122 57 79 68 74 14 97 50 42 43 66 121 18 7 49 23 22 30 41 20 46 116 5 16 65 95 99 2 61 91 -1 -1 70 111 11 59 89 75 52 35 47 10 17 106 64 21 -1 105 -1 125 33 12 13 53 29 76 8 101 28 128
97528 122 97 50 61 7 14 35 57 121 43 66 105 18 68 76 23 22 111 52 20 46 2 5 59 65 130 99 91 64 17 -1 -1 70 101 11 53 89 13 125 47 74 10 29 106 116 21 -1 16 -1 30 33 12 41 95 42 79 49 8 28 128
97528 122 97 50 61 7 14 35 57 121 43 66 105 18 68 76 23 22 111 52 20 46 2 5 59 65 130 99 91 64 17 -1 -1 70 101 11 53 89 13 125 47 74 10 29 106 116 21 -1 16 -1 30 33 12 41 95 42 79 49 8 28 128
97528 122 97 50 61 7 14 35 57 121 43 66 105 18 68 76 23 22 111 52 20 46 2 5 59 65 130 99 91 64 17 -1 -1 70 101 11 53 89 13 125 47 74 10 29 106 116 21 -1 16 -1 30 33 12 41 95 42 79 49 8 28 128
97528 122 97 50 61 7 14 35 57 121 43 66 105 18 68 76 23 22 111 52 20 46 2 5 59 65 130 99 91 64 17 -1 -1 70 101 11 53 89 13 125 47 74 10 29 106 116 21 -1 16 -1 30 33 12 41 95 42 79 49 8 28 128
97534 106 57 79 68 74 14 97 50 42 33 43 121 28 7 49 23 122 111 52 18 22 116 66 16 46 95 20 2 61 91 -1 -1 70 134 99 59 65 13 125 35 47 5 17 11 64 10 -1 105 -1 30 89 130 41 53 29 76 8 101 12 128
97671 106 57 79 68 74 14 97 50 42 33 43 121 28 7 49 70 122 111 52 18 22 116 66 16 46 95 20 2 61 91 -1 -1 135 134 99 59 65 23 125 35 47 5 17 11 64 10 -1 105 -1 30 89 130 41 53 29 76 8 101 12 128
97671 106 57 79 68 74 14 97 50 42 33 43 121 28 7 49 70 122 111 52 18 22 116 66 16 46 95 20 2 61 91 -1 -1 135 134 99 59 65 23 125 35 47 5 17 11 64 10 -1 105 -1 30 89 130 41 53 29 76 8 101 12 128
97945 106 57 79 68 74 135 97 50 42 33 43 121 28 7 49 70 122 111 52 18 22 116 66 16 46 95 20 2 61 91 -1 -1 14 137 99 59 65 23 125 35 47 5 17 11 64 10 -1 105 -1 30 89 130 41 53 29 76 8 101 12 128
97945 106 57 79 68 74 135 97 50 42 33 43 121 28 7 49 70 122 111 52 18 22 116 66 16 46 95 20 2 61 91 -1 -1 14 137 99 59 65 23 125 35 47 5 17 11 64 10 -1 105 -1 30 89 130 41 53 29 76 8 101 12 128
98198 122 57 79 61 7 14 35 50 121 43 66 105 18 68 49 70 22 111 52 20 46 2 5 59 65 130 99 91 64 17 -1 -1 135 137 11 53 89 23 125 47 74 10 29 106 116 128 -1 16 -1 30 33 12 41 95 42 76 8 101 28 139
98198 122 57 79 61 7 14 35 50 121 43 66 105 18 68 49 70 22 111 52 20 46 2 5 59 65 130 99 91 64 17 -1 -1 135 137 11 53 89 23 125 47 74 10 29 106 116 128 -1 16 -1 30 33 12 41 95 42 76 8 101 28 139
98590 122 50 141 68 74 135 57 79 42 43 66 121 18 7 49 70 22 111 52 20 46 116 5 16 65 95 99 2 61 91 -1 -1 14 137 11 59 89 23 125 35 47 10 17 106 64 128 -1 105 -1 30 33 12 41 53 29 76 8 101 28 139
98590 122 50 141 68 74 135 57 79 42 43 66 121 18 7 49 70 22 111 52 20 46 116 5 16 65 95 99 2 61 91 -1 -1 14 137 11 59 89 23 125 35 47 10 17 106 64 128 -1 105 -1 30 33 12 41 53 29 76 8 101 28 139
98590 122 50 141 68 74 135 57 79 42 43 66 121 18 7 49 70 22 111 52 20 46 116 5 16 65 95 99 2 61 91 -1 -1 14 137 11 59 89 23 125 35 47 10 17 106 64 128 -1 105 -1 30 33 12 41 53 29 76 8 101 28 139
98590 122 50 141 68 74 135 57 79 42 43 66 121 18 7 49 70 22 111 52 20 46 116 5 16 65 95 99 2 61 91 -1 -1 14 137 11 59 89 23 125 35 47 10 17 106 64 128 -1 105 -1 30 33 12 41 53 29 76 8 101 28 139
98590 122 50 141 68 74 135 57 79 42 43 66 121 18 7 49 70 22 111 52 20 46 116 5 16 65 95 99 2 61 91 -1 -1 14 137 11 59 89 23 125 35 47 10 17 106 64 128 -1 105 -1 30 33 12 41 53 29 76 8 101 28 139
99090 122 50 141 68 74 135 57 79 42 43 66 121 18 7 49 70 22 111 52 20 46 116 5 16 65 95 99 146 61 2 -1 -1 14 137 11 59 89 23 125 35 47 10 17 106 64 128 -1 105 -1 30 33 12 41 53 29 76 8 101 28 139
99640 22 57 141 61 7 135 35 50 121 66 147 105 20 68 49 70 46 111 52 99 65 146 5 59 89 12 11 2 64 17 -1 -1 14 137 106 53 33 23 125 47 74 10 29 122 116 128 -1 16 -1 30 43 28 41 95 42 76 8 101 18 139
99640 22 57 141 61 7 135 35 50 121 66 147 105 20 68 49 70 46 111 52 99 65 146 5 59 89 12 11 2 64 17 -1 -1 14 137 106 53 33 23 125 47 74 10 29 122 116 128 -1 16 -1 30 43 28 41 95 42 76 8 101 18 139
100198 122 57 141 61 7 14 35 50 121 66 147 105 20 68 49 70 46 111 52 99 65 146 5 59 89 12 149 2 64 17 -1 -1 135 137 11 53 33 23 125 47 74 10 29 106 116 128 -1 16 -1 30 43 28 41 95 42 76 8 101 18 139
