17403 -1 -1 -1 -1 -1 -1 -1 -1 -1 -1 -1 -1 -1 -1 -1 -1 -1 -1 -1 -1 -1 -1 -1 -1 -1 -1 -1 -1 -1 -1 -1 -1 -1 -1 -1 -1 -1
17821 -1 -1 -1 -1 -1 -1 -1 -1 -1 -1 -1 -1 -1 0 -1 -1 -1 -1 -1 -1 -1 -1 -1 -1 -1 -1 -1 -1 -1 -1 -1 -1 -1 -1 -1 -1 -1
19064 -1 -1 0 -1 -1 -1 -1 -1 -1 -1 -1 -1 -1 1 -1 -1 -1 -1 -1 -1 -1 -1 -1 -1 -1 -1 -1 -1 -1 -1 -1 -1 -1 -1 -1 -1 -1
20319 -1 -1 0 -1 -1 -1 -1 -1 -1 -1 -1 -1 -1 2 -1 -1 -1 -1 -1 -1 -1 -1 -1 -1 -1 1 -1 -1 -1 -1 -1 -1 -1 -1 -1 -1 -1
21177 -1 -1 0 -1 -1 -1 -1 -1 -1 -1 -1 -1 -1 3 -1 -1 -1 -1 -1 -1 -1 -1 -1 -1 -1 2 -1 -1 -1 -1 -1 -1 -1 -1 -1 -1 1
22012 -1 -1 0 -1 -1 -1 -1 -1 -1 -1 -1 -1 -1 4 -1 -1 -1 -1 -1 -1 -1 -1 -1 -1 -1 2 -1 -1 -1 -1 -1 -1 -1 3 -1 -1 1
23323 -1 -1 0 -1 -1 -1 -1 -1 5 -1 -1 -1 -1 4 -1 -1 -1 -1 -1 -1 -1 -1 -1 -1 -1 2 -1 -1 -1 -1 -1 -1 -1 3 -1 -1 1
24766 -1 -1 0 3 -1 -1 -1 -1 4 -1 -1 -1 -1 6 -1 -1 -1 -1 -1 -1 -1 -1 -1 -1 -1 2 -1 -1 -1 -1 -1 -1 -1 5 -1 -1 1
24766 -1 -1 0 3 -1 -1 -1 -1 4 -1 -1 -1 -1 6 -1 -1 -1 -1 -1 -1 -1 -1 -1 -1 -1 2 -1 -1 -1 -1 -1 -1 -1 5 -1 -1 1
25460 -1 -1 0 8 -1 6 -1 -1 5 -1 -1 -1 -1 4 -1 -1 -1 -1 -1 -1 -1 -1 -1 -1 -1 2 -1 -1 -1 -1 -1 -1 -1 3 -1 -1 1
25832 -1 -1 9 8 -1 6 -1 -1 5 -1 -1 -1 -1 4 -1 -1 0 -1 -1 -1 -1 -1 -1 -1 -1 2 -1 -1 -1 -1 -1 -1 -1 3 -1 -1 1
26231 -1 -1 9 8 -1 6 10 -1 5 -1 -1 -1 -1 4 -1 -1 0 -1 -1 -1 -1 -1 -1 -1 -1 2 -1 -1 -1 -1 -1 -1 -1 3 -1 -1 1
27060 -1 -1 9 8 -1 6 10 -1 5 -1 -1 -1 -1 4 -1 -1 0 -1 -1 -1 -1 -1 -1 -1 11 2 -1 -1 -1 -1 -1 -1 -1 3 -1 -1 1
28543 -1 -1 9 8 -1 2 10 -1 4 -1 3 -1 -1 6 -1 -1 0 -1 -1 -1 -1 -1 -1 -1 11 1 -1 -1 -1 -1 -1 -1 -1 5 -1 -1 12
29972 -1 -1 9 8 -1 2 10 -1 6 -1 3 -1 -1 13 -1 -1 0 -1 -1 -1 -1 -1 -1 -1 11 1 -1 -1 -1 -1 -1 -1 -1 5 4 -1 12
31463 -1 -1 9 8 -1 1 10 -1 6 -1 3 -1 -1 2 -1 -1 0 -1 -1 -1 -1 -1 -1 -1 11 14 -1 -1 -1 -1 -1 -1 13 5 4 -1 12
32443 -1 -1 9 3 8 1 10 -1 6 -1 15 -1 -1 2 -1 -1 0 -1 -1 -1 -1 -1 -1 -1 11 14 -1 -1 -1 -1 -1 -1 13 5 4 -1 12
33673 2 -1 9 3 8 14 10 -1 6 -1 15 -1 -1 1 -1 -1 0 -1 -1 -1 -1 -1 -1 -1 11 12 -1 -1 -1 -1 -1 -1 13 5 4 -1 16
34863 1 -1 8 15 3 14 10 -1 13 -1 5 -1 -1 17 -1 -1 0 -1 -1 -1 -1 -1 -1 -1 11 12 9 -1 -1 -1 -1 -1 2 4 6 -1 16
34863 1 -1 8 15 3 14 10 -1 13 -1 5 -1 -1 17 -1 -1 0 -1 -1 -1 -1 -1 -1 -1 11 12 9 -1 -1 -1 -1 -1 2 4 6 -1 16
36088 17 -1 8 15 3 19 10 -1 2 -1 5 13 -1 14 -1 -1 0 -1 -1 -1 -1 -1 -1 -1 11 12 9 -1 -1 -1 -1 -1 1 4 6 -1 16
36088 17 -1 8 15 3 19 10 -1 2 -1 5 13 -1 14 -1 -1 0 -1 -1 -1 -1 -1 -1 -1 11 12 9 -1 -1 -1 -1 -1 1 4 6 -1 16
36728 21 -1 8 15 3 14 10 -1 2 -1 5 13 -1 17 -1 -1 0 -1 -1 -1 -1 -1 -1 -1 11 19 9 -1 -1 -1 12 -1 1 4 6 -1 16
37006 21 -1 8 15 3 14 10 -1 2 -1 5 13 -1 17 -1 -1 22 -1 -1 -1 -1 -1 -1 -1 11 19 9 -1 -1 -1 12 -1 1 4 6 -1 16
37006 21 -1 8 15 3 14 10 -1 2 -1 5 13 -1 17 -1 -1 22 -1 -1 -1 -1 -1 -1 -1 11 19 9 -1 -1 -1 12 -1 1 4 6 -1 16
37047 21 -1 8 15 3 14 10 -1 2 -1 4 24 5 17 -1 -1 22 -1 -1 -1 -1 -1 -1 -1 11 19 9 -1 -1 -1 12 -1 1 6 13 -1 16
38798 17 -1 8 15 3 19 10 -1 1 -1 4 2 5 14 -1 -1 22 -1 -1 -1 -1 -1 -1 -1 11 12 9 -1 -1 -1 25 -1 21 6 13 -1 16
39882 14 -1 3 5 15 12 10 -1 21 -1 6 1 4 19 -1 -1 11 -1 -1 -1 -1 -1 22 -1 9 25 8 -1 -1 -1 16 -1 17 13 2 -1 26
40044 14 -1 3 5 15 12 10 -1 21 -1 6 1 4 19 -1 -1 11 -1 -1 -1 -1 -1 22 -1 27 25 8 -1 -1 -1 16 -1 17 13 2 -1 26
40044 14 -1 3 5 15 12 10 -1 21 -1 6 1 4 19 -1 -1 11 -1 -1 -1 -1 -1 22 -1 27 25 8 -1 -1 -1 16 -1 17 13 2 -1 26
40044 14 -1 3 5 15 12 10 -1 21 -1 6 1 4 19 -1 -1 11 -1 -1 -1 -1 -1 22 -1 27 25 8 -1 -1 -1 16 -1 17 13 2 -1 26
40590 14 -1 30 5 3 12 15 -1 21 -1 6 1 4 19 -1 -1 11 -1 -1 -1 -1 -1 22 -1 27 25 8 -1 -1 -1 16 -1 17 13 2 -1 26
41555 14 -1 30 5 3 12 15 6 17 -1 13 21 4 19 -1 -1 11 -1 -1 -1 -1 -1 22 -1 27 25 8 -1 -1 -1 16 -1 31 2 1 -1 26
42887 14 -1 3 4 15 12 5 13 31 22 2 17 6 19 -1 -1 27 -1 -1 -1 -1 -1 11 -1 8 25 30 -1 -1 -1 16 -1 32 1 21 -1 26
43237 14 -1 30 5 3 12 15 13 31 22 2 17 4 19 -1 -1 27 -1 -1 -1 -1 -1 11 6 33 25 8 -1 -1 -1 16 -1 32 1 21 -1 26
43296 14 -1 30 5 3 12 15 13 31 22 2 17 4 19 -1 -1 11 -1 -1 -1 -1 27 34 6 33 25 8 -1 -1 -1 16 -1 32 1 21 -1 26
44148 14 -1 30 5 3 12 15 2 32 22 1 31 6 19 -1 -1 11 -1 4 -1 -1 27 34 13 33 25 8 -1 -1 -1 16 -1 35 21 17 -1 26
44148 14 -1 30 5 3 12 15 2 32 22 1 31 6 19 -1 -1 11 -1 4 -1 -1 27 34 13 33 25 8 -1 -1 -1 16 -1 35 21 17 -1 26
44148 14 -1 30 5 3 12 15 2 32 22 1 31 6 19 -1 -1 11 -1 4 -1 -1 27 34 13 33 25 8 -1 -1 -1 16 -1 35 21 17 -1 26
44228 14 -1 8 15 30 12 3 2 32 22 1 31 6 19 -1 -1 11 -1 5 -1 -1 27 34 13 38 25 33 -1 -1 -1 16 -1 35 21 17 -1 26
44800 14 -1 8 15 30 12 3 2 32 22 1 31 39 19 -1 -1 11 -1 6 -1 -1 27 34 13 38 25 33 -1 -1 5 16 -1 35 21 17 -1 26
44800 14 -1 8 15 30 12 3 2 32 22 1 31 39 19 -1 -1 11 -1 6 -1 -1 27 34 13 38 25 33 -1 -1 5 16 -1 35 21 17 -1 26
44800 14 -1 8 15 30 12 3 2 32 22 1 31 39 19 -1 -1 11 -1 6 -1 -1 27 34 13 38 25 33 -1 -1 5 16 -1 35 21 17 -1 26
44800 14 -1 8 15 30 12 3 2 32 22 1 31 39 19 -1 -1 11 -1 6 -1 -1 27 34 13 38 25 33 -1 -1 5 16 -1 35 21 17 -1 26
45184 14 -1 30 43 3 12 15 2 32 22 1 31 39 19 -1 -1 27 -1 6 -1 -1 38 11 13 33 25 8 -1 -1 5 16 -1 35 21 17 -1 26
45490 14 -1 30 43 3 12 15 2 32 22 1 31 39 19 -1 -1 38 -1 6 -1 -1 44 11 13 33 25 8 -1 -1 5 16 -1 35 21 17 -1 26
46126 14 -1 3 45 15 12 43 2 32 22 1 31 39 19 -1 -1 44 -1 6 -1 -1 33 11 13 8 25 30 -1 -1 5 16 -1 35 21 17 -1 26
46126 14 -1 3 45 15 12 43 2 32 22 1 31 39 19 -1 -1 44 -1 6 -1 -1 33 11 13 8 25 30 -1 -1 5 16 -1 35 21 17 -1 26
46126 14 -1 3 45 15 12 43 2 32 22 1 31 39 19 -1 -1 44 -1 6 -1 -1 33 11 13 8 25 30 -1 -1 5 16 -1 35 21 17 -1 26
46228 14 -1 48 43 3 12 15 13 32 22 2 31 6 19 -1 -1 44 -1 5 -1 -1 33 11 39 8 25 30 -1 -1 45 16 -1 35 21 17 -1 26
46276 14 -1 30 43 48 12 15 13 32 22 2 31 6 19 -1 -1 44 -1 5 -1 -1 33 11 39 8 25 49 -1 -1 45 16 -1 35 21 17 -1 26
46276 14 -1 30 43 48 12 15 13 32 22 2 31 6 19 -1 -1 44 -1 5 -1 -1 33 11 39 8 25 49 -1 -1 45 16 -1 35 21 17 -1 26
46276 14 -1 30 43 48 12 15 13 32 22 2 31 6 19 -1 -1 44 -1 5 -1 -1 33 11 39 8 25 49 -1 -1 45 16 -1 35 21 17 -1 26
47449 19 -1 48 45 15 25 43 2 35 22 21 32 39 12 -1 44 33 -1 6 -1 -1 8 11 13 49 16 30 -1 -1 5 26 -1 14 17 31 -1 52
47449 19 -1 48 45 15 25 43 2 35 22 21 32 39 12 -1 44 33 -1 6 -1 -1 8 11 13 49 16 30 -1 -1 5 26 -1 14 17 31 -1 52
47610 19 -1 48 45 15 25 43 21 35 22 17 32 39 12 -1 44 33 -1 6 -1 -1 8 11 13 49 16 30 -1 -1 5 26 -1 14 31 54 -1 52
47610 19 -1 48 45 15 25 43 21 35 22 17 32 39 12 -1 44 33 -1 6 -1 -1 8 11 13 49 16 30 -1 -1 5 26 -1 14 31 54 -1 52
47610 19 -1 48 45 15 25 43 21 35 22 17 32 39 12 -1 44 33 -1 6 -1 -1 8 11 13 49 16 30 -1 -1 5 26 -1 14 31 54 -1 52
47610 19 -1 48 45 15 25 43 21 35 22 17 32 39 12 -1 44 33 -1 6 -1 -1 8 11 13 49 16 30 -1 -1 5 26 -1 14 31 54 -1 52
47788 19 -1 15 5 43 25 45 17 14 22 31 35 13 12 -1 44 33 -1 39 -1 -1 49 11 21 30 16 48 -1 -1 6 26 -1 58 54 32 -1 52
48304 19 -1 43 59 45 25 5 17 14 22 31 35 13 12 -1 44 33 -1 39 -1 -1 30 11 21 48 16 15 -1 -1 6 26 -1 58 54 32 -1 52
48304 19 -1 43 59 45 25 5 17 14 22 31 35 13 12 -1 44 33 -1 39 -1 -1 30 11 21 48 16 15 -1 -1 6 26 -1 58 54 32 -1 52
49462 12 -1 45 6 5 16 59 31 58 22 54 14 21 25 44 33 30 -1 13 -1 -1 48 11 17 15 26 43 -1 -1 39 52 -1 19 32 35 -1 61
49462 12 -1 45 6 5 16 59 31 58 22 54 14 21 25 44 33 30 -1 13 -1 -1 48 11 17 15 26 43 -1 -1 39 52 -1 19 32 35 -1 61
49757 12 -1 45 6 5 16 59 17 58 22 31 14 63 25 44 33 30 -1 13 -1 -1 48 11 21 15 26 43 -1 -1 39 52 -1 19 32 35 -1 61
50221 25 -1 5 39 59 26 6 31 19 22 32 58 21 16 44 33 30 -1 63 -1 -1 15 11 17 43 64 45 -1 -1 13 52 -1 12 35 14 -1 61
50485 25 -1 5 39 59 26 6 31 19 65 32 58 21 16 44 33 30 -1 63 -1 -1 15 11 17 43 64 45 -1 -1 13 52 -1 12 35 14 -1 61
51151 25 -1 5 13 59 26 39 31 19 65 32 58 21 16 44 33 30 -1 66 -1 -1 15 11 17 43 64 45 -1 -1 63 52 6 12 35 14 -1 61
51840 25 -1 5 13 59 26 39 31 19 65 32 14 21 16 44 33 30 -1 66 -1 -1 15 11 17 43 64 45 -1 -1 63 52 6 12 35 67 -1 61
52106 25 -1 5 13 59 26 39 31 19 65 32 14 68 16 44 33 30 -1 66 -1 -1 15 11 17 43 64 45 -1 -1 63 52 6 12 35 67 -1 61
52393 25 -1 5 13 59 26 39 31 19 65 32 14 68 16 44 33 69 -1 66 -1 -1 30 11 17 43 64 45 -1 15 63 52 6 12 35 67 -1 61
52924 70 44 59 63 6 26 13 32 12 65 35 19 17 16 33 69 30 -1 68 -1 -1 15 11 31 45 64 5 -1 43 66 52 39 25 67 14 -1 61
52924 70 44 59 63 6 26 13 32 12 65 35 19 17 16 33 69 30 -1 68 -1 -1 15 11 31 45 64 5 -1 43 66 52 39 25 67 14 -1 61
53400 70 44 59 66 6 26 13 35 12 65 67 72 31 16 33 69 30 -1 17 -1 -1 15 11 32 45 64 5 63 43 68 52 39 25 14 19 -1 61
53539 70 44 6 66 39 26 13 35 12 65 67 72 31 16 69 30 15 -1 17 -1 -1 43 11 32 5 64 59 63 45 68 52 73 25 14 19 -1 61
53539 70 44 6 66 39 26 13 35 12 65 67 72 31 16 69 30 15 -1 17 -1 -1 43 11 32 5 64 59 63 45 68 52 73 25 14 19 -1 61
53653 70 44 39 66 73 26 13 35 12 65 67 72 31 16 69 30 15 -1 17 -1 -1 45 11 32 59 64 6 63 5 68 52 75 25 14 19 -1 61
53653 70 44 39 66 73 26 13 35 12 65 67 72 31 16 69 30 15 -1 17 -1 -1 45 11 32 59 64 6 63 5 68 52 75 25 14 19 -1 61
53653 70 44 39 66 73 26 13 35 12 65 67 72 31 16 69 30 15 -1 17 -1 -1 45 11 32 59 64 6 63 5 68 52 75 25 14 19 -1 61
53918 70 69 78 66 73 26 13 35 12 65 67 72 31 16 30 15 45 -1 17 -1 -1 5 44 32 6 64 39 63 59 68 52 75 25 14 19 11 61
53918 70 69 78 66 73 26 13 35 12 65 67 72 31 16 30 15 45 -1 17 -1 -1 5 44 32 6 64 39 63 59 68 52 75 25 14 19 11 61
53918 70 69 78 66 73 26 13 35 12 65 67 72 31 16 30 15 45 -1 17 -1 -1 5 44 32 6 64 39 63 59 68 52 75 25 14 19 11 61
54072 70 69 39 63 78 26 75 32 72 65 35 19 17 16 81 30 15 -1 68 -1 -1 45 44 31 59 64 6 13 5 66 52 73 25 67 14 11 61
54072 70 69 39 63 78 26 75 32 72 65 35 19 17 16 81 30 15 -1 68 -1 -1 45 44 31 59 64 6 13 5 66 52 73 25 67 14 11 61
54072 70 69 39 63 78 26 75 32 72 65 35 19 17 16 81 30 15 -1 68 -1 -1 45 44 31 59 64 6 13 5 66 52 73 25 67 14 11 61
54072 70 69 39 63 78 26 75 32 72 65 35 19 17 16 81 30 15 -1 68 -1 -1 45 44 31 59 64 6 13 5 66 52 73 25 67 14 11 61
54072 70 69 39 63 78 26 75 32 72 65 35 19 17 16 81 30 15 -1 68 -1 -1 45 44 31 59 64 6 13 5 66 52 73 25 67 14 11 61
54072 70 69 39 63 78 26 75 32 72 65 35 19 17 16 81 30 15 -1 68 -1 -1 45 44 31 59 64 6 13 5 66 52 73 25 67 14 11 61
54072 70 69 39 63 78 26 75 32 72 65 35 19 17 16 81 30 15 -1 68 -1 -1 45 44 31 59 64 6 13 5 66 52 73 25 67 14 11 61
54091 70 81 78 66 73 26 13 32 72 65 35 19 31 16 30 15 45 -1 17 -1 -1 5 69 88 6 64 39 63 59 68 52 75 25 67 14 11 61
54329 89 81 78 66 73 26 13 35 25 65 67 72 31 16 30 15 45 -1 17 -1 -1 5 69 32 6 64 39 63 59 68 52 75 70 14 19 11 61
54602 89 81 78 68 73 26 13 35 25 65 67 72 90 16 30 15 45 -1 31 -1 -1 5 69 32 6 64 39 66 59 17 52 75 70 14 19 11 61
54602 89 81 78 68 73 26 13 35 25 65 67 72 90 16 30 15 45 -1 31 -1 -1 5 69 32 6 64 39 66 59 17 52 75 70 14 19 11 61
54602 89 81 78 68 73 26 13 35 25 65 67 72 90 16 30 15 45 -1 31 -1 -1 5 69 32 6 64 39 66 59 17 52 75 70 14 19 11 61
54602 89 81 78 68 73 26 13 35 25 65 67 72 90 16 30 15 45 -1 31 -1 -1 5 69 32 6 64 39 66 59 17 52 75 70 14 19 11 61
54684 89 81 78 94 75 26 66 35 25 65 67 72 90 16 30 15 45 -1 31 -1 -1 5 69 32 6 64 39 68 59 17 52 13 70 14 19 11 61
54684 89 81 78 94 75 26 66 35 25 65 67 72 90 16 30 15 45 -1 31 -1 -1 5 69 32 6 64 39 68 59 17 52 13 70 14 19 11 61
