2120 -1 -1 -1 -1 -1 -1 -1 -1 -1 -1 -1 -1 -1 -1 -1 -1 -1 -1 -1 -1 -1 -1 -1 -1 -1 -1 -1 -1 -1 -1 -1 -1 -1 -1
3909 -1 -1 -1 -1 -1 -1 -1 0 -1 -1 -1 -1 -1 -1 -1 -1 -1 -1 -1 -1 -1 -1 -1 -1 -1 -1 -1 -1 -1 -1 -1 -1 -1 -1
4664 1 -1 -1 -1 -1 -1 -1 0 -1 -1 -1 -1 -1 -1 -1 -1 -1 -1 -1 -1 -1 -1 -1 -1 -1 -1 -1 -1 -1 -1 -1 -1 -1 -1
5611 1 -1 -1 -1 -1 -1 -1 0 -1 -1 -1 -1 -1 -1 2 -1 -1 -1 -1 -1 -1 -1 -1 -1 -1 -1 -1 -1 -1 -1 -1 -1 -1 -1
5780 1 -1 -1 -1 -1 -1 -1 0 -1 -1 -1 -1 -1 -1 2 -1 -1 -1 -1 -1 -1 -1 -1 -1 -1 -1 -1 -1 -1 3 -1 -1 -1 -1
6414 1 -1 -1 -1 -1 -1 -1 0 -1 -1 -1 -1 -1 -1 2 -1 -1 -1 -1 -1 -1 -1 -1 4 -1 -1 -1 -1 -1 3 -1 -1 -1 -1
8549 1 -1 -1 -1 -1 -1 -1 0 -1 -1 -1 -1 -1 -1 5 -1 -1 -1 -1 -1 -1 -1 -1 4 -1 -1 -1 -1 -1 3 -1 2 -1 -1
9769 1 -1 -1 -1 -1 -1 -1 0 -1 -1 -1 -1 -1 -1 5 -1 -1 -1 -1 -1 -1 -1 -1 4 -1 -1 -1 -1 -1 3 -1 2 -1 6
9769 1 -1 -1 -1 -1 -1 -1 0 -1 -1 -1 -1 -1 -1 5 -1 -1 -1 -1 -1 -1 -1 -1 4 -1 -1 -1 -1 -1 3 -1 2 -1 6
9769 1 -1 -1 -1 -1 -1 -1 0 -1 -1 -1 -1 -1 -1 5 -1 -1 -1 -1 -1 -1 -1 -1 4 -1 -1 -1 -1 -1 3 -1 2 -1 6
9769 1 -1 -1 -1 -1 -1 -1 0 -1 -1 -1 -1 -1 -1 5 -1 -1 -1 -1 -1 -1 -1 -1 4 -1 -1 -1 -1 -1 3 -1 2 -1 6
11139 1 -1 -1 -1 -1 -1 -1 0 -1 -1 -1 -1 -1 -1 5 -1 -1 -1 -1 -1 -1 6 -1 4 -1 -1 -1 -1 -1 3 -1 2 -1 10
12877 1 -1 -1 -1 -1 -1 -1 0 -1 -1 -1 -1 10 -1 5 -1 -1 -1 -1 -1 -1 2 -1 4 -1 -1 -1 -1 -1 3 -1 11 -1 6
12877 1 -1 -1 -1 -1 -1 -1 0 -1 -1 -1 -1 10 -1 5 -1 -1 -1 -1 -1 -1 2 -1 4 -1 -1 -1 -1 -1 3 -1 11 -1 6
14334 0 -1 -1 -1 -1 -1 -1 13 -1 -1 -1 1 10 -1 5 -1 -1 -1 -1 -1 -1 2 -1 4 -1 -1 -1 -1 -1 3 -1 11 -1 6
16493 0 -1 -1 -1 -1 -1 -1 13 -1 -1 -1 1 10 -1 5 -1 14 -1 -1 -1 -1 2 -1 4 -1 -1 -1 -1 -1 3 -1 11 -1 6
18462 0 -1 -1 -1 -1 -1 -1 13 -1 -1 -1 1 10 -1 15 -1 14 -1 -1 -1 2 11 -1 4 -1 -1 -1 -1 -1 3 -1 5 -1 6
18462 0 -1 -1 -1 -1 -1 -1 13 -1 -1 -1 1 10 -1 15 -1 14 -1 -1 -1 2 11 -1 4 -1 -1 -1 -1 -1 3 -1 5 -1 6
20146 0 -1 -1 -1 -1 -1 -1 13 -1 -1 -1 1 10 -1 15 -1 14 -1 -1 -1 2 5 -1 4 -1 -1 -1 -1 11 3 -1 17 -1 6
21082 0 -1 -1 13 -1 -1 -1 18 -1 -1 -1 1 10 -1 15 -1 14 -1 -1 -1 2 5 -1 4 -1 -1 -1 -1 11 3 -1 17 -1 6
21082 0 -1 -1 13 -1 -1 -1 18 -1 -1 -1 1 10 -1 15 -1 14 -1 -1 -1 2 5 -1 4 -1 -1 -1 -1 11 3 -1 17 -1 6
21256 0 -1 -1 13 20 -1 -1 18 -1 -1 -1 1 10 -1 15 -1 14 -1 -1 -1 2 5 -1 4 -1 -1 -1 -1 11 3 -1 17 -1 6
23486 13 -1 -1 18 20 -1 -1 21 -1 -1 -1 0 1 -1 15 -1 14 -1 -1 -1 2 5 -1 4 -1 -1 -1 10 11 3 -1 17 -1 6
24770 0 -1 -1 13 20 -1 -1 18 14 -1 -1 1 10 -1 22 -1 21 -1 -1 -1 11 17 -1 4 -1 -1 -1 6 5 3 -1 15 -1 2
24896 0 -1 17 13 20 -1 -1 18 14 -1 -1 23 1 -1 22 -1 21 -1 -1 -1 2 5 -1 4 -1 -1 -1 10 11 3 -1 15 -1 6
24896 0 -1 17 13 20 -1 -1 18 14 -1 -1 23 1 -1 22 -1 21 -1 -1 -1 2 5 -1 4 -1 -1 -1 10 11 3 -1 15 -1 6
26209 0 -1 17 13 20 -1 -1 18 14 -1 -1 23 1 -1 22 -1 21 -1 -1 -1 2 5 25 4 -1 -1 -1 10 11 3 -1 15 -1 6
28123 0 -1 25 13 20 -1 -1 18 14 -1 -1 1 10 -1 26 -1 21 -1 -1 -1 11 17 15 4 -1 -1 -1 6 5 3 -1 22 -1 2
28123 0 -1 25 13 20 -1 -1 18 14 -1 -1 1 10 -1 26 -1 21 -1 -1 -1 11 17 15 4 -1 -1 -1 6 5 3 -1 22 -1 2
28479 0 -1 25 13 20 -1 -1 18 14 -1 -1 1 10 -1 26 28 21 -1 -1 -1 11 17 15 4 -1 -1 -1 6 5 3 -1 22 -1 2
28698 0 -1 15 13 20 -1 -1 18 14 -1 -1 1 10 -1 29 28 21 -1 -1 -1 5 25 22 4 -1 -1 -1 6 17 3 -1 26 -1 11
28933 0 -1 30 13 20 -1 -1 18 14 -1 -1 1 10 -1 26 28 21 -1 -1 -1 5 25 15 4 -1 -1 -1 6 17 3 -1 22 -1 11
29733 0 -1 30 13 20 -1 -1 18 14 -1 -1 1 10 -1 26 28 21 11 -1 -1 17 31 15 4 -1 -1 -1 6 25 3 -1 22 -1 5
29733 0 -1 30 13 20 -1 -1 18 14 -1 -1 1 10 -1 26 28 21 11 -1 -1 17 31 15 4 -1 -1 -1 6 25 3 -1 22 -1 5
29733 0 -1 30 13 20 -1 -1 18 14 -1 -1 1 10 -1 26 28 21 11 -1 -1 17 31 15 4 -1 -1 -1 6 25 3 -1 22 -1 5
29920 0 -1 30 13 20 -1 -1 18 14 -1 -1 1 10 -1 26 28 21 11 34 -1 17 31 15 4 -1 -1 -1 6 25 3 -1 22 -1 5
29920 0 -1 30 13 20 -1 -1 18 14 -1 -1 1 10 -1 26 28 21 11 34 -1 17 31 15 4 -1 -1 -1 6 25 3 -1 22 -1 5
32050 13 -1 30 18 20 -1 -1 21 36 -1 -1 28 10 -1 26 0 14 11 34 -1 17 31 15 4 -1 -1 -1 6 25 3 -1 22 -1 5
32887 13 -1 31 18 20 -1 -1 21 36 -1 -1 28 37 -1 26 0 14 6 34 -1 5 25 15 4 -1 -1 -1 10 17 3 -1 22 -1 11
32887 13 -1 31 18 20 -1 -1 21 36 -1 -1 28 37 -1 26 0 14 6 34 -1 5 25 15 4 -1 -1 -1 10 17 3 -1 22 -1 11
33545 13 10 15 18 20 -1 -1 21 36 -1 -1 28 37 -1 26 0 14 11 34 -1 17 31 22 4 -1 -1 -1 6 25 3 -1 39 -1 5
33715 13 10 15 18 20 -1 40 21 36 -1 -1 28 37 -1 26 0 14 11 34 -1 17 31 22 4 -1 -1 -1 6 25 3 -1 39 -1 5
33715 13 10 15 18 20 -1 40 21 36 -1 -1 28 37 -1 26 0 14 11 34 -1 17 31 22 4 -1 -1 -1 6 25 3 -1 39 -1 5
34213 42 10 15 13 20 -1 40 21 36 -1 -1 28 37 18 26 0 14 11 34 -1 17 31 22 4 -1 -1 -1 6 25 3 -1 39 -1 5
35725 13 37 15 18 20 -1 40 14 36 -1 -1 0 28 21 26 42 43 11 6 -1 17 31 22 4 -1 -1 -1 10 25 3 -1 39 -1 5
36571 13 37 15 18 20 -1 40 14 36 -1 -1 0 28 21 26 42 43 11 6 17 5 31 22 4 -1 -1 -1 10 25 3 -1 39 -1 44
36571 13 37 15 18 20 -1 40 14 36 -1 -1 0 28 21 26 42 43 11 6 17 5 31 22 4 -1 -1 -1 10 25 3 -1 39 -1 44
36571 13 37 15 18 20 -1 40 14 36 -1 -1 0 28 21 26 42 43 11 6 17 5 31 22 4 -1 -1 -1 10 25 3 -1 39 -1 44
36571 13 37 15 18 20 -1 40 14 36 -1 -1 0 28 21 26 42 43 11 6 17 5 31 22 4 -1 -1 -1 10 25 3 -1 39 -1 44
36864 18 37 15 21 20 -1 40 14 36 -1 -1 42 0 48 26 13 43 11 6 17 5 31 22 4 -1 -1 -1 10 25 3 -1 39 -1 44
36864 18 37 15 21 20 -1 40 14 36 -1 -1 42 0 48 26 13 43 11 6 17 5 31 22 4 -1 -1 -1 10 25 3 -1 39 -1 44
36864 18 37 15 21 20 -1 40 14 36 -1 -1 42 0 48 26 13 43 11 6 17 5 31 22 4 -1 -1 -1 10 25 3 -1 39 -1 44
37236 13 37 15 18 20 -1 40 48 36 -1 -1 42 51 21 26 0 14 11 6 17 5 31 22 4 -1 -1 43 10 25 3 -1 39 -1 44
37236 13 37 15 18 20 -1 40 48 36 -1 -1 42 51 21 26 0 14 11 6 17 5 31 22 4 -1 -1 43 10 25 3 -1 39 -1 44
37589 13 53 15 18 20 -1 40 48 36 -1 -1 51 37 21 26 42 14 11 6 17 5 31 22 4 -1 -1 43 10 25 3 -1 39 -1 44
37589 13 53 15 18 20 -1 40 48 36 -1 -1 51 37 21 26 42 14 11 6 17 5 31 22 4 -1 -1 43 10 25 3 -1 39 -1 44
37589 13 53 15 18 20 -1 40 48 36 -1 -1 51 37 21 26 42 14 11 6 17 5 31 22 4 -1 -1 43 10 25 3 -1 39 -1 44
37589 13 53 15 18 20 -1 40 48 36 -1 -1 51 37 21 26 42 14 11 6 17 5 31 22 4 -1 -1 43 10 25 3 -1 39 -1 44
37589 13 53 15 18 20 -1 40 48 36 -1 -1 51 37 21 26 42 14 11 6 17 5 31 22 4 -1 -1 43 10 25 3 -1 39 -1 44
38544 42 53 15 13 20 -1 40 48 36 -1 -1 58 37 18 26 51 14 11 10 17 5 31 22 4 -1 -1 43 6 25 3 -1 39 21 44
38544 42 53 15 13 20 -1 40 48 36 -1 -1 58 37 18 26 51 14 11 10 17 5 31 22 4 -1 -1 43 6 25 3 -1 39 21 44
38804 42 53 15 13 20 -1 40 48 36 -1 -1 58 37 18 26 51 14 11 10 17 5 31 22 4 -1 -1 43 60 25 3 -1 39 21 44
39074 42 53 31 13 20 -1 17 48 36 -1 -1 58 61 18 26 51 14 10 60 5 44 25 15 4 -1 -1 43 37 40 3 -1 39 21 11
39753 42 53 31 13 20 -1 40 48 36 -1 -1 58 61 18 26 51 14 10 60 17 5 25 15 4 -1 -1 43 37 62 3 11 39 21 44
39753 42 53 31 13 20 -1 40 48 36 -1 -1 58 61 18 26 51 14 10 60 17 5 25 15 4 -1 -1 43 37 62 3 11 39 21 44
39865 42 53 31 13 20 -1 40 48 36 -1 -1 58 61 18 26 51 14 64 10 17 5 25 15 4 -1 -1 43 37 62 60 11 39 21 44
39865 42 53 31 13 20 -1 40 48 36 -1 -1 58 61 18 26 51 14 64 10 17 5 25 15 4 -1 -1 43 37 62 60 11 39 21 44
39865 42 53 31 13 20 -1 40 48 36 -1 -1 58 61 18 26 51 14 64 10 17 5 25 15 4 -1 -1 43 37 62 60 11 39 21 44
40806 42 53 31 67 20 -1 40 48 36 -1 -1 58 61 13 26 51 14 64 10 17 5 25 15 4 -1 -1 43 37 62 60 11 39 21 44
