31048 -1 -1 -1 -1 -1 -1 -1 -1 -1 -1 -1 -1 -1 -1 -1 -1 -1 -1 -1 -1 -1 -1 -1 -1 -1 -1 -1 -1 -1 -1 -1 -1 -1 -1 -1 -1 -1 -1 -1 -1 -1 -1 -1 -1 -1 -1 -1 -1 -1 -1 -1 -1 -1 -1 -1 -1 -1
32625 -1 -1 -1 -1 -1 -1 -1 -1 -1 -1 -1 -1 -1 -1 -1 -1 -1 -1 -1 -1 -1 -1 -1 -1 -1 -1 -1 -1 -1 -1 -1 -1 -1 -1 -1 -1 0 -1 -1 -1 -1 -1 -1 -1 -1 -1 -1 -1 -1 -1 -1 -1 -1 -1 -1 -1 -1
34249 -1 -1 -1 -1 -1 -1 -1 -1 -1 -1 -1 -1 -1 -1 -1 -1 -1 -1 -1 -1 -1 -1 -1 -1 -1 -1 -1 -1 -1 -1 -1 -1 -1 -1 1 -1 0 -1 -1 -1 -1 -1 -1 -1 -1 -1 -1 -1 -1 -1 -1 -1 -1 -1 -1 -1 -1
35848 -1 -1 -1 -1 -1 -1 -1 -1 -1 -1 -1 -1 -1 -1 -1 -1 -1 -1 -1 -1 -1 -1 -1 -1 -1 2 -1 -1 -1 -1 -1 -1 -1 -1 1 -1 0 -1 -1 -1 -1 -1 -1 -1 -1 -1 -1 -1 -1 -1 -1 -1 -1 -1 -1 -1 -1
37121 -1 -1 -1 -1 -1 -1 -1 -1 -1 -1 -1 -1 -1 -1 -1 1 -1 -1 -1 -1 -1 -1 -1 -1 -1 2 -1 -1 -1 -1 -1 -1 -1 -1 3 -1 0 -1 -1 -1 -1 -1 -1 -1 -1 -1 -1 -1 -1 -1 -1 -1 -1 -1 -1 -1 -1
38036 -1 -1 -1 -1 -1 -1 -1 -1 -1 -1 -1 -1 -1 -1 -1 1 -1 4 -1 -1 -1 -1 -1 -1 -1 2 -1 -1 -1 -1 -1 -1 -1 -1 3 -1 0 -1 -1 -1 -1 -1 -1 -1 -1 -1 -1 -1 -1 -1 -1 -1 -1 -1 -1 -1 -1
39302 -1 -1 -1 -1 -1 -1 -1 -1 -1 -1 -1 -1 -1 -1 -1 1 -1 4 -1 -1 -1 -1 -1 -1 -1 2 -1 -1 -1 -1 -1 -1 5 -1 3 -1 0 -1 -1 -1 -1 -1 -1 -1 -1 -1 -1 -1 -1 -1 -1 -1 -1 -1 -1 -1 -1
39885 -1 -1 -1 -1 -1 -1 -1 -1 -1 -1 -1 -1 -1 -1 -1 6 -1 5 -1 -1 -1 -1 -1 -1 -1 3 -1 0 -1 -1 -1 -1 1 -1 4 -1 2 -1 -1 -1 -1 -1 -1 -1 -1 -1 -1 -1 -1 -1 -1 -1 -1 -1 -1 -1 -1
40388 -1 -1 -1 -1 -1 -1 -1 -1 -1 6 -1 -1 -1 -1 -1 7 -1 5 -1 -1 -1 -1 -1 -1 -1 3 -1 0 -1 -1 -1 -1 1 -1 4 -1 2 -1 -1 -1 -1 -1 -1 -1 -1 -1 -1 -1 -1 -1 -1 -1 -1 -1 -1 -1 -1
42388 -1 -1 -1 -1 -1 -1 -1 -1 -1 6 -1 -1 -1 -1 -1 7 -1 5 -1 -1 -1 -1 -1 -1 -1 3 -1 0 -1 -1 -1 -1 1 -1 4 -1 2 -1 -1 -1 -1 -1 -1 -1 -1 -1 -1 -1 -1 -1 -1 8 -1 -1 -1 -1 -1
43101 -1 -1 -1 -1 -1 -1 -1 -1 -1 6 -1 -1 -1 -1 -1 7 -1 5 -1 -1 -1 -1 -1 -1 -1 3 -1 0 -1 -1 -1 -1 1 -1 4 -1 2 9 -1 -1 -1 -1 -1 -1 -1 -1 -1 -1 -1 -1 -1 8 -1 -1 -1 -1 -1
43802 -1 -1 -1 -1 -1 -1 -1 -1 -1 6 -1 -1 -1 -1 10 7 -1 5 -1 -1 -1 -1 -1 -1 -1 3 -1 0 -1 -1 -1 -1 1 -1 4 -1 2 9 -1 -1 -1 -1 -1 -1 -1 -1 -1 -1 -1 -1 -1 8 -1 -1 -1 -1 -1
44450 -1 -1 -1 -1 -1 -1 -1 -1 -1 6 -1 -1 -1 -1 10 7 -1 9 -1 -1 2 -1 -1 -1 -1 4 -1 0 -1 -1 -1 -1 11 -1 5 -1 3 1 -1 -1 -1 -1 -1 -1 -1 -1 -1 -1 -1 -1 -1 8 -1 -1 -1 -1 -1
45180 -1 -1 -1 -1 -1 -1 -1 -1 -1 6 -1 -1 -1 -1 12 7 -1 9 -1 -1 2 -1 -1 -1 -1 4 -1 0 -1 -1 -1 -1 11 -1 5 -1 3 1 -1 -1 -1 -1 -1 -1 -1 -1 -1 -1 -1 -1 -1 8 -1 -1 10 -1 -1
45797 -1 -1 -1 -1 -1 -1 -1 -1 -1 6 -1 -1 -1 -1 12 7 -1 9 -1 -1 2 -1 -1 -1 -1 4 -1 0 -1 -1 -1 -1 11 -1 5 -1 13 1 -1 -1 -1 -1 -1 -1 -1 -1 -1 3 -1 -1 -1 8 -1 -1 10 -1 -1
45835 -1 -1 -1 -1 -1 -1 -1 -1 -1 6 -1 -1 -1 -1 12 7 -1 9 -1 -1 2 -1 -1 -1 -1 4 -1 0 -1 -1 -1 -1 11 -1 5 -1 13 1 -1 -1 -1 -1 14 -1 -1 -1 -1 3 -1 -1 -1 8 -1 -1 10 -1 -1
46044 -1 -1 -1 -1 -1 -1 -1 -1 -1 6 -1 -1 -1 -1 12 7 -1 9 -1 -1 2 -1 -1 -1 -1 4 -1 0 10 -1 -1 -1 11 -1 5 -1 13 1 -1 -1 -1 -1 14 -1 -1 -1 -1 3 -1 -1 -1 8 -1 -1 15 -1 -1
46423 -1 -1 -1 -1 -1 -1 -1 -1 -1 12 -1 -1 -1 -1 16 6 -1 1 -1 -1 2 5 -1 -1 -1 4 -1 0 10 -1 -1 -1 7 -1 9 -1 13 11 -1 -1 -1 -1 14 -1 -1 -1 -1 3 -1 -1 -1 8 -1 -1 15 -1 -1
46423 -1 -1 -1 -1 -1 -1 -1 -1 -1 12 -1 -1 -1 -1 16 6 -1 1 -1 -1 2 5 -1 -1 -1 4 -1 0 10 -1 -1 -1 7 -1 9 -1 13 11 -1 -1 -1 -1 14 -1 -1 -1 -1 3 -1 -1 -1 8 -1 -1 15 -1 -1
47630 6 -1 -1 -1 -1 -1 -1 -1 -1 12 -1 -1 -1 -1 16 7 -1 9 -1 -1 2 4 -1 -1 -1 13 -1 0 10 -1 -1 -1 11 -1 5 -1 18 1 -1 -1 -1 -1 14 -1 -1 -1 -1 3 -1 -1 -1 8 -1 -1 15 -1 -1
48026 19 -1 -1 -1 -1 -1 -1 -1 -1 6 -1 -1 -1 -1 12 7 -1 9 -1 -1 2 4 -1 -1 -1 13 -1 0 15 -1 -1 -1 11 -1 5 -1 18 1 -1 -1 -1 -1 10 -1 -1 -1 -1 3 -1 -1 -1 8 -1 -1 16 -1 -1
49390 19 -1 -1 -1 -1 -1 -1 -1 -1 6 -1 -1 -1 -1 12 7 4 9 -1 -1 2 13 -1 -1 -1 18 -1 0 15 -1 -1 -1 11 -1 5 -1 3 1 -1 -1 -1 -1 10 -1 -1 -1 -1 20 -1 -1 -1 8 -1 -1 16 -1 -1
49680 19 -1 -1 -1 -1 -1 10 -1 -1 6 -1 -1 -1 -1 12 7 4 9 -1 -1 2 13 -1 -1 -1 18 -1 0 16 -1 -1 -1 11 -1 5 -1 3 1 -1 -1 -1 -1 15 -1 -1 -1 -1 20 -1 -1 -1 8 -1 -1 21 -1 -1
49899 19 -1 -1 -1 -1 -1 10 -1 -1 6 -1 -1 -1 -1 12 7 13 5 -1 -1 2 18 -1 -1 -1 3 -1 0 16 -1 -1 -1 11 1 4 -1 22 9 -1 -1 -1 -1 15 -1 -1 -1 -1 20 -1 -1 -1 8 -1 -1 21 -1 -1
50740 19 -1 -1 -1 -1 -1 10 -1 16 6 -1 -1 -1 -1 23 7 13 5 -1 -1 2 18 -1 -1 -1 3 -1 0 21 -1 -1 -1 11 1 4 -1 22 9 -1 -1 -1 -1 15 -1 -1 -1 -1 20 -1 -1 -1 8 -1 -1 12 -1 -1
51553 6 -1 -1 -1 -1 -1 24 -1 15 23 -1 -1 -1 -1 12 19 13 5 11 -1 2 18 -1 -1 -1 3 -1 0 16 -1 -1 -1 7 1 4 -1 22 9 -1 -1 -1 -1 10 -1 -1 -1 -1 20 -1 -1 -1 8 -1 -1 21 -1 -1
51808 6 -1 -1 -1 -1 -1 24 -1 15 25 -1 -1 -1 -1 12 19 13 5 11 23 2 18 -1 -1 -1 3 -1 0 16 -1 -1 -1 7 1 4 -1 22 9 -1 -1 -1 -1 10 -1 -1 -1 -1 20 -1 -1 -1 8 -1 -1 21 -1 -1
53241 6 -1 19 -1 -1 -1 24 -1 15 25 -1 -1 -1 -1 12 7 18 4 1 23 2 26 -1 -1 -1 3 -1 0 16 -1 -1 -1 11 9 13 -1 22 5 -1 -1 -1 -1 10 -1 -1 -1 -1 20 -1 -1 -1 8 -1 -1 21 -1 -1
53241 6 -1 19 -1 -1 -1 24 -1 15 25 -1 -1 -1 -1 12 7 18 4 1 23 2 26 -1 -1 -1 3 -1 0 16 -1 -1 -1 11 9 13 -1 22 5 -1 -1 -1 -1 10 -1 -1 -1 -1 20 -1 -1 -1 8 -1 -1 21 -1 -1
53241 6 -1 19 -1 -1 -1 24 -1 15 25 -1 -1 -1 -1 12 7 18 4 1 23 2 26 -1 -1 -1 3 -1 0 16 -1 -1 -1 11 9 13 -1 22 5 -1 -1 -1 -1 10 -1 -1 -1 -1 20 -1 -1 -1 8 -1 -1 21 -1 -1
54767 19 -1 7 -1 -1 -1 24 -1 16 6 -1 -1 -1 -1 23 11 26 13 9 25 0 3 -1 -1 -1 20 -1 29 21 -1 -1 -1 1 5 18 -1 22 4 -1 -1 -1 -1 10 -1 -1 -1 -1 2 -1 -1 -1 8 -1 -1 12 -1 -1
54767 19 -1 7 -1 -1 -1 24 -1 16 6 -1 -1 -1 -1 23 11 26 13 9 25 0 3 -1 -1 -1 20 -1 29 21 -1 -1 -1 1 5 18 -1 22 4 -1 -1 -1 -1 10 -1 -1 -1 -1 2 -1 -1 -1 8 -1 -1 12 -1 -1
54767 19 -1 7 -1 -1 -1 24 -1 16 6 -1 -1 -1 -1 23 11 26 13 9 25 0 3 -1 -1 -1 20 -1 29 21 -1 -1 -1 1 5 18 -1 22 4 -1 -1 -1 -1 10 -1 -1 -1 -1 2 -1 -1 -1 8 -1 -1 12 -1 -1
55223 6 -1 32 -1 -1 -1 24 -1 16 19 -1 -1 -1 -1 23 7 26 13 1 25 0 3 -1 -1 -1 20 -1 29 21 -1 -1 9 11 5 18 -1 22 4 -1 -1 -1 -1 10 -1 -1 -1 -1 2 -1 -1 -1 8 -1 -1 12 -1 -1
55675 6 -1 32 -1 -1 -1 24 -1 16 19 -1 -1 -1 -1 23 11 26 13 9 25 0 3 -1 -1 -1 20 -1 29 21 -1 -1 5 1 33 18 -1 22 4 -1 -1 -1 -1 10 -1 -1 -1 -1 2 -1 7 -1 8 -1 -1 12 -1 -1
56340 19 -1 6 -1 -1 -1 24 -1 16 25 -1 -1 -1 -1 12 7 18 4 1 23 0 26 -1 -1 -1 3 -1 29 34 -1 -1 9 11 5 13 -1 20 33 -1 -1 -1 -1 10 -1 -1 -1 -1 2 -1 32 -1 8 -1 -1 21 -1 -1
57427 6 -1 32 -1 -1 -1 24 -1 16 19 -1 -1 -1 -1 12 11 26 13 9 23 35 3 -1 -1 -1 20 -1 29 34 -1 -1 5 1 33 18 -1 2 4 25 -1 -1 -1 10 -1 -1 -1 -1 0 -1 7 -1 8 -1 -1 21 -1 -1
58904 32 -1 7 -1 -1 -1 24 -1 16 19 -1 -1 -1 -1 12 1 3 18 5 23 29 20 -1 -1 -1 2 -1 8 34 -1 -1 33 9 4 26 -1 0 13 25 -1 -1 -1 10 -1 -1 -1 -1 35 -1 11 -1 36 -1 -1 21 -1 -1
58914 32 37 7 -1 -1 -1 24 -1 16 19 -1 -1 -1 -1 12 1 3 18 5 23 29 20 -1 -1 -1 2 -1 8 34 -1 -1 33 9 4 26 -1 0 13 25 -1 -1 -1 10 -1 -1 -1 -1 35 -1 11 -1 36 -1 -1 21 -1 -1
58914 32 37 7 -1 -1 -1 24 -1 16 19 -1 -1 -1 -1 12 1 3 18 5 23 29 20 -1 -1 -1 2 -1 8 34 -1 -1 33 9 4 26 -1 0 13 25 -1 -1 -1 10 -1 -1 -1 -1 35 -1 11 -1 36 -1 -1 21 -1 -1
59568 11 37 7 -1 -1 -1 10 -1 34 32 -1 -1 -1 -1 23 9 20 26 33 25 29 39 -1 -1 -1 2 -1 8 21 -1 -1 4 5 13 3 -1 0 18 19 24 -1 -1 16 -1 -1 -1 -1 35 -1 1 -1 36 -1 -1 12 -1 -1
61352 11 37 1 -1 -1 -1 10 -1 34 32 -1 -1 -1 -1 23 5 39 3 4 25 8 2 -1 -1 -1 0 -1 36 21 -1 -1 13 33 18 20 -1 35 26 19 24 -1 -1 16 -1 -1 -1 -1 29 -1 9 -1 40 -1 -1 12 -1 -1
62120 11 37 1 -1 -1 -1 10 -1 34 32 -1 -1 -1 -1 23 5 2 20 4 25 8 0 -1 18 -1 35 -1 36 21 -1 -1 13 33 26 39 -1 29 3 19 24 -1 -1 16 -1 -1 -1 -1 41 -1 9 -1 40 -1 -1 12 -1 -1
62890 1 37 9 -1 -1 -1 10 -1 34 11 -1 -1 -1 -1 23 33 0 39 13 19 36 35 25 26 -1 29 -1 42 21 -1 -1 18 4 3 2 -1 41 20 32 24 -1 -1 16 -1 -1 -1 -1 8 -1 5 -1 40 -1 -1 12 -1 -1
63129 1 37 9 -1 -1 -1 10 12 34 43 -1 -1 -1 -1 25 33 0 39 13 32 36 35 19 26 -1 29 -1 42 21 -1 -1 18 4 3 2 -1 41 20 11 24 -1 -1 16 -1 -1 -1 -1 8 -1 5 -1 40 -1 -1 23 -1 -1
64766 1 37 9 -1 -1 -1 10 12 34 43 -1 -1 -1 -1 25 33 35 2 13 32 42 29 19 26 -1 41 -1 44 21 -1 -1 18 4 3 0 -1 8 39 11 24 -1 -1 16 -1 -1 -1 -1 36 -1 5 20 40 -1 -1 23 -1 -1
64766 1 37 9 -1 -1 -1 10 12 34 43 -1 -1 -1 -1 25 33 35 2 13 32 42 29 19 26 -1 41 -1 44 21 -1 -1 18 4 3 0 -1 8 39 11 24 -1 -1 16 -1 -1 -1 -1 36 -1 5 20 40 -1 -1 23 -1 -1
65260 1 37 9 -1 -1 -1 10 12 34 43 -1 -1 -1 -1 25 33 35 2 13 32 42 29 19 26 -1 41 -1 44 46 -1 -1 18 4 3 0 -1 8 39 11 24 -1 -1 16 -1 -1 -1 -1 36 -1 5 20 40 -1 -1 23 -1 -1
65684 1 37 9 -1 -1 -1 10 12 34 43 -1 -1 -1 -1 25 33 35 2 13 47 42 29 32 26 -1 41 -1 44 46 -1 -1 18 4 3 0 -1 8 39 11 24 -1 -1 16 -1 -1 -1 -1 36 -1 5 20 40 -1 -1 23 -1 -1
66270 9 37 5 -1 -1 -1 10 23 46 1 -1 -1 -1 -1 32 4 48 0 18 11 42 29 47 3 -1 41 -1 44 12 -1 -1 26 13 20 35 -1 8 2 43 24 -1 -1 34 -1 -1 -1 -1 36 -1 33 39 40 -1 -1 25 -1 -1
66898 49 37 5 -1 -1 -1 10 23 46 9 -1 32 -1 -1 47 4 48 0 18 43 42 29 11 3 -1 41 -1 44 12 -1 -1 26 13 20 35 -1 8 2 1 24 -1 -1 34 -1 -1 -1 -1 36 -1 33 39 40 -1 -1 25 -1 -1
66993 9 37 49 -1 -1 -1 10 23 46 1 -1 32 -1 -1 47 33 48 0 13 11 42 29 50 26 -1 41 20 44 12 -1 -1 18 4 3 35 -1 8 2 43 24 -1 -1 34 -1 -1 -1 -1 36 -1 5 39 40 -1 -1 25 -1 -1
67822 9 37 49 -1 -1 -1 10 23 46 1 -1 32 -1 -1 47 33 51 35 18 11 42 29 50 3 -1 41 39 44 12 -1 -1 26 4 20 48 -1 8 0 43 24 -1 -1 34 -1 -1 -1 -1 36 -1 5 2 40 -1 -1 25 -1 -1
68168 49 37 5 -1 -1 -1 10 25 12 9 -1 47 -1 -1 11 4 51 35 18 43 42 29 50 3 -1 41 39 44 23 -1 -1 26 52 20 48 -1 8 0 1 24 -1 -1 46 -1 -1 34 -1 36 -1 33 2 40 -1 -1 32 -1 -1
68690 49 37 5 -1 -1 -1 10 25 12 9 -1 47 -1 -1 11 4 51 35 18 43 42 29 50 53 -1 41 20 44 23 -1 -1 26 52 3 48 -1 8 0 1 24 39 -1 46 -1 -1 34 -1 36 -1 33 2 40 -1 -1 32 -1 -1
68916 49 37 5 -1 -1 -1 10 32 12 54 -1 11 -1 -1 43 4 51 35 18 1 42 29 50 53 -1 41 20 44 23 -1 -1 26 52 3 48 -1 8 0 9 24 39 -1 46 -1 -1 34 -1 36 -1 33 2 40 -1 -1 47 -1 -1
69717 5 37 33 -1 -1 -1 10 32 12 49 -1 43 -1 -1 1 52 55 48 26 9 42 29 50 3 -1 41 39 44 23 -1 -1 53 18 20 51 -1 8 35 54 24 2 -1 46 -1 47 34 -1 36 -1 4 0 40 -1 -1 11 -1 -1
69717 5 37 33 -1 -1 -1 10 32 12 49 -1 43 -1 -1 1 52 55 48 26 9 42 29 50 3 -1 41 39 44 23 -1 -1 53 18 20 51 -1 8 35 54 24 2 -1 46 -1 47 34 -1 36 -1 4 0 40 -1 -1 11 -1 -1
69717 5 37 33 -1 -1 -1 10 32 12 49 -1 43 -1 -1 1 52 55 48 26 9 42 29 50 3 -1 41 39 44 23 -1 -1 53 18 20 51 -1 8 35 54 24 2 -1 46 -1 47 34 -1 36 -1 4 0 40 -1 -1 11 -1 -1
70289 5 58 33 -1 -1 -1 10 32 12 49 -1 43 -1 -1 1 52 55 48 26 9 42 29 50 3 -1 41 39 44 23 -1 -1 53 18 20 51 -1 8 35 54 24 2 -1 46 -1 47 34 -1 36 -1 4 0 40 -1 -1 11 -1 -1
70289 5 58 33 -1 -1 -1 10 32 12 49 -1 43 -1 -1 1 52 55 48 26 9 42 29 50 3 -1 41 39 44 23 -1 -1 53 18 20 51 -1 8 35 54 24 2 -1 46 -1 47 34 -1 36 -1 4 0 40 -1 -1 11 -1 -1
70289 5 58 33 -1 -1 -1 10 32 12 49 -1 43 -1 -1 1 52 55 48 26 9 42 29 50 3 -1 41 39 44 23 -1 -1 53 18 20 51 -1 8 35 54 24 2 -1 46 -1 47 34 -1 36 -1 4 0 40 -1 -1 11 -1 -1
70669 5 58 33 -1 -1 -1 10 32 12 49 -1 43 -1 -1 1 61 55 48 26 9 42 29 50 3 -1 41 39 44 23 -1 -1 53 18 20 51 -1 8 35 54 24 2 -1 46 -1 47 34 -1 36 -1 52 0 40 -1 -1 11 -1 -1
70669 5 58 33 -1 -1 -1 10 32 12 49 -1 43 -1 -1 1 61 55 48 26 9 42 29 50 3 -1 41 39 44 23 -1 -1 53 18 20 51 -1 8 35 54 24 2 -1 46 -1 47 34 -1 36 -1 52 0 40 -1 -1 11 -1 -1
70669 5 58 33 -1 -1 -1 10 32 12 49 -1 43 -1 -1 1 61 55 48 26 9 42 29 50 3 -1 41 39 44 23 -1 -1 53 18 20 51 -1 8 35 54 24 2 -1 46 -1 47 34 -1 36 -1 52 0 40 -1 -1 11 -1 -1
71093 5 58 33 -1 -1 -1 10 32 12 49 -1 43 -1 -1 1 52 55 48 18 9 42 29 50 3 -1 41 39 44 23 -1 -1 26 61 20 51 -1 8 35 54 24 2 -1 46 -1 47 34 53 36 -1 64 0 40 -1 -1 11 -1 -1
71485 33 10 64 -1 -1 -1 34 47 23 5 -1 1 -1 -1 9 61 55 48 26 54 42 29 50 20 -1 41 65 44 32 -1 -1 53 18 39 51 -1 8 35 49 24 2 -1 12 -1 11 46 3 36 -1 52 0 40 -1 -1 43 -1 58
72113 64 10 52 -1 -1 -1 34 47 23 33 -1 1 -1 -1 54 66 55 48 26 49 42 29 9 20 -1 41 65 44 32 -1 -1 53 18 39 51 -1 8 35 5 24 2 -1 12 -1 11 46 3 36 -1 61 0 40 -1 -1 43 -1 58
72217 64 58 52 -1 -1 -1 10 32 12 33 -1 1 -1 -1 54 66 55 48 26 49 42 29 9 20 -1 41 65 44 23 -1 -1 53 18 39 51 -1 8 35 5 67 2 -1 46 -1 47 34 3 36 -1 61 0 40 -1 -1 43 -1 24
72786 52 58 61 -1 -1 -1 10 32 12 33 64 1 -1 -1 54 18 29 51 53 49 42 41 9 39 -1 68 2 44 23 -1 -1 3 26 65 55 -1 8 48 5 67 0 -1 46 -1 47 34 20 36 -1 66 35 40 -1 -1 43 -1 24
73486 52 58 61 -1 -1 -1 10 32 12 64 69 1 -1 -1 54 18 29 51 53 5 42 41 49 39 -1 68 2 44 23 -1 -1 3 26 65 55 -1 8 48 33 67 0 -1 46 -1 47 34 20 36 -1 66 35 40 -1 -1 43 -1 24
74186 61 58 66 -1 -1 -1 10 32 12 69 52 54 -1 -1 49 26 29 51 3 33 42 41 5 65 -1 68 0 44 23 47 -1 20 53 2 55 -1 8 48 64 67 35 -1 46 -1 43 34 39 36 -1 18 70 40 -1 -1 1 -1 24
74287 61 58 66 -1 -1 -1 10 32 12 71 52 54 -1 -1 49 26 29 51 3 64 42 41 5 65 -1 68 0 44 23 47 -1 20 53 2 55 -1 8 48 69 67 35 -1 46 33 43 34 39 36 -1 18 70 40 -1 -1 1 -1 24
74544 66 58 18 -1 -1 -1 10 32 12 52 61 49 -1 -1 5 53 29 51 20 69 42 41 33 2 -1 68 35 44 23 47 1 39 3 0 55 -1 8 48 71 67 72 -1 46 64 43 34 65 36 -1 26 70 40 -1 -1 54 -1 24
74544 66 58 18 -1 -1 -1 10 32 12 52 61 49 -1 -1 5 53 29 51 20 69 42 41 33 2 -1 68 35 44 23 47 1 39 3 0 55 -1 8 48 71 67 72 -1 46 64 43 34 65 36 -1 26 70 40 -1 -1 54 -1 24
74544 66 58 18 -1 -1 -1 10 32 12 52 61 49 -1 -1 5 53 29 51 20 69 42 41 33 2 -1 68 35 44 23 47 1 39 3 0 55 -1 8 48 71 67 72 -1 46 64 43 34 65 36 -1 26 70 40 -1 -1 54 -1 24
74544 66 58 18 -1 -1 -1 10 32 12 52 61 49 -1 -1 5 53 29 51 20 69 42 41 33 2 -1 68 35 44 23 47 1 39 3 0 55 -1 8 48 71 67 72 -1 46 64 43 34 65 36 -1 26 70 40 -1 -1 54 -1 24
74544 66 58 18 -1 -1 -1 10 32 12 52 61 49 -1 -1 5 53 29 51 20 69 42 41 33 2 -1 68 35 44 23 47 1 39 3 0 55 -1 8 48 71 67 72 -1 46 64 43 34 65 36 -1 26 70 40 -1 -1 54 -1 24
74691 66 58 18 -1 -1 -1 10 23 46 52 61 49 -1 -1 5 53 29 51 20 69 42 41 33 2 -1 68 35 44 12 32 43 39 3 0 55 -1 8 48 71 67 72 -1 34 64 47 77 65 36 -1 26 70 40 -1 -1 1 54 24
75271 18 10 26 -1 -1 -1 77 32 12 61 66 5 -1 -1 33 3 29 55 39 71 42 41 64 0 -1 68 72 44 23 47 1 65 20 35 78 -1 8 51 52 24 70 -1 46 69 43 34 2 36 -1 53 48 40 -1 -1 54 49 58
75365 18 10 26 -1 -1 -1 77 32 12 61 66 5 -1 -1 79 3 29 55 39 71 42 41 64 0 -1 68 72 44 23 47 1 65 20 35 78 -1 8 51 52 24 70 -1 46 69 43 34 2 36 -1 53 48 40 -1 -1 54 49 58
75402 18 10 26 -1 -1 -1 77 80 12 61 66 5 -1 -1 79 3 29 55 39 71 42 41 64 0 -1 68 72 44 23 32 1 65 20 35 78 -1 8 51 52 24 70 -1 46 69 47 34 2 36 -1 53 48 40 -1 -1 54 49 58
75402 18 10 26 -1 -1 -1 77 80 12 61 66 5 -1 -1 79 3 29 55 39 71 42 41 64 0 -1 68 72 44 23 32 1 65 20 35 78 -1 8 51 52 24 70 -1 46 69 47 34 2 36 -1 53 48 40 -1 -1 54 49 58
75402 18 10 26 -1 -1 -1 77 80 12 61 66 5 -1 -1 79 3 29 55 39 71 42 41 64 0 -1 68 72 44 23 32 1 65 20 35 78 -1 8 51 52 24 70 -1 46 69 47 34 2 36 -1 53 48 40 -1 -1 54 49 58
76177 18 10 26 -1 -1 -1 77 80 12 61 66 5 -1 -1 79 3 41 78 39 71 42 68 64 35 -1 83 70 44 23 32 1 65 20 72 29 -1 8 55 52 24 48 -1 46 69 47 34 2 36 -1 53 51 40 -1 -1 54 49 58
76177 18 10 26 -1 -1 -1 77 80 12 61 66 5 -1 -1 79 3 41 78 39 71 42 68 64 35 -1 83 70 44 23 32 1 65 20 72 29 -1 8 55 52 24 48 -1 46 69 47 34 2 36 -1 53 51 40 -1 -1 54 49 58
76573 18 10 26 -1 -1 -1 77 32 12 61 66 5 -1 -1 79 3 41 78 39 71 42 68 64 35 -1 83 70 44 23 47 54 65 20 72 29 -1 8 55 52 24 48 -1 46 69 1 34 2 36 -1 53 51 40 -1 -1 85 49 58
76903 18 10 26 -1 -1 -1 77 32 12 61 66 5 -1 -1 79 86 41 78 39 71 42 68 64 35 -1 83 70 44 23 47 54 65 20 72 29 -1 8 55 52 24 48 -1 46 69 1 34 2 36 -1 53 51 40 -1 -1 85 49 58
76903 18 10 26 -1 -1 -1 77 32 12 61 66 5 -1 -1 79 86 41 78 39 71 42 68 64 35 -1 83 70 44 23 47 54 65 20 72 29 -1 8 55 52 24 48 -1 46 69 1 34 2 36 -1 53 51 40 -1 -1 85 49 58
76903 18 10 26 -1 -1 -1 77 32 12 61 66 5 -1 -1 79 86 41 78 39 71 42 68 64 35 -1 83 70 44 23 47 54 65 20 72 29 -1 8 55 52 24 48 -1 46 69 1 34 2 36 -1 53 51 40 -1 -1 85 49 58
77026 18 10 26 -1 -1 -1 77 23 46 61 66 49 -1 -1 5 86 41 78 39 69 42 68 79 35 -1 83 70 44 12 32 1 65 20 72 29 -1 8 55 52 24 48 -1 89 64 47 34 2 36 -1 53 51 40 -1 -1 54 85 58
77026 18 10 26 -1 -1 -1 77 23 46 61 66 49 -1 -1 5 86 41 78 39 69 42 68 79 35 -1 83 70 44 12 32 1 65 20 72 29 -1 8 55 52 24 48 -1 89 64 47 34 2 36 -1 53 51 40 -1 -1 54 85 58
77026 18 10 26 -1 -1 -1 77 23 46 61 66 49 -1 -1 5 86 41 78 39 69 42 68 79 35 -1 83 70 44 12 32 1 65 20 72 29 -1 8 55 52 24 48 -1 89 64 47 34 2 36 -1 53 51 40 -1 -1 54 85 58
77393 18 10 26 64 -1 -1 77 23 46 61 66 85 -1 -1 49 86 41 78 39 69 42 68 5 35 -1 83 70 44 12 32 92 65 20 72 29 -1 8 55 52 24 48 -1 89 79 47 34 2 36 -1 53 51 40 -1 -1 1 54 58
77449 26 10 53 69 -1 -1 77 32 46 66 18 49 -1 -1 5 20 41 78 65 52 42 68 79 72 -1 83 93 44 23 47 1 2 39 70 29 -1 8 55 61 24 48 -1 89 64 92 34 35 36 -1 86 51 40 -1 -1 54 85 58
77449 26 10 53 69 -1 -1 77 32 46 66 18 49 -1 -1 5 20 41 78 65 52 42 68 79 72 -1 83 93 44 23 47 1 2 39 70 29 -1 8 55 61 24 48 -1 89 64 92 34 35 36 -1 86 51 40 -1 -1 54 85 58
77449 26 10 53 69 -1 -1 77 32 46 66 18 49 -1 -1 5 20 41 78 65 52 42 68 79 72 -1 83 93 44 23 47 1 2 39 70 29 -1 8 55 61 24 48 -1 89 64 92 34 35 36 -1 86 51 40 -1 -1 54 85 58
77805 26 10 53 69 -1 -1 77 23 89 66 18 49 -1 -1 5 20 41 78 65 52 42 68 79 72 -1 83 93 44 46 47 1 2 39 70 29 -1 8 55 61 24 48 -1 96 64 92 34 35 36 -1 86 51 40 -1 -1 54 85 58
77805 26 10 53 69 -1 -1 77 23 89 66 18 49 -1 -1 5 20 41 78 65 52 42 68 79 72 -1 83 93 44 46 47 1 2 39 70 29 -1 8 55 61 24 48 -1 96 64 92 34 35 36 -1 86 51 40 -1 -1 54 85 58
77891 26 10 53 69 -1 -1 77 23 89 66 18 49 -1 -1 5 20 41 78 65 52 42 68 79 72 -1 83 93 44 46 47 1 2 39 70 29 -1 8 55 61 24 48 -1 96 64 92 34 35 36 -1 86 51 40 -1 98 54 85 58
78365 53 10 86 52 -1 92 77 23 89 18 26 5 -1 -1 79 39 41 78 2 61 42 68 64 70 -1 83 93 44 46 47 54 35 65 99 29 -1 8 55 66 24 48 -1 96 69 1 34 72 36 -1 20 51 40 -1 98 85 49 58
78365 53 10 86 52 -1 92 77 23 89 18 26 5 -1 -1 79 39 41 78 2 61 42 68 64 70 -1 83 93 44 46 47 54 35 65 99 29 -1 8 55 66 24 48 -1 96 69 1 34 72 36 -1 20 51 40 -1 98 85 49 58
78365 53 10 86 52 -1 92 77 23 89 18 26 5 -1 -1 79 39 41 78 2 61 42 68 64 70 -1 83 93 44 46 47 54 35 65 99 29 -1 8 55 66 24 48 -1 96 69 1 34 72 36 -1 20 51 40 -1 98 85 49 58
78365 53 10 86 52 -1 92 77 23 89 18 26 5 -1 -1 79 39 41 78 2 61 42 68 64 70 -1 83 93 44 46 47 54 35 65 99 29 -1 8 55 66 24 48 -1 96 69 1 34 72 36 -1 20 51 40 -1 98 85 49 58
78365 53 10 86 52 -1 92 77 23 89 18 26 5 -1 -1 79 39 41 78 2 61 42 68 64 70 -1 83 93 44 46 47 54 35 65 99 29 -1 8 55 66 24 48 -1 96 69 1 34 72 36 -1 20 51 40 -1 98 85 49 58
78687 86 10 20 61 -1 92 77 23 89 26 53 5 -1 -1 64 65 68 29 35 66 44 83 69 99 -1 8 48 104 46 47 54 72 2 93 41 -1 36 78 18 24 51 -1 96 52 1 34 70 42 -1 39 55 40 -1 98 85 49 58
79162 53 10 86 52 -1 92 77 23 89 18 26 49 -1 -1 5 39 68 29 35 61 44 83 64 99 -1 8 48 104 46 47 1 72 65 93 41 -1 36 78 66 24 51 -1 96 69 105 34 70 42 -1 20 55 40 -1 98 54 85 58
79451 106 10 86 61 -1 92 77 23 89 26 53 5 -1 -1 64 39 68 29 35 66 44 83 69 99 -1 8 48 104 46 47 1 72 65 93 41 -1 36 78 18 24 51 -1 96 52 105 34 70 42 -1 20 55 40 -1 98 85 49 58
79662 106 58 86 52 66 47 10 46 96 26 53 49 -1 -1 5 39 68 29 35 61 44 83 64 99 -1 8 48 104 89 23 105 72 65 93 41 -1 36 78 18 24 51 -1 34 69 92 98 70 42 -1 20 55 40 -1 77 1 85 107
79864 106 58 86 52 66 108 10 23 89 26 53 49 -1 -1 5 39 68 29 35 61 44 83 64 99 -1 8 48 104 46 47 105 72 65 93 41 -1 36 78 18 24 51 -1 96 69 92 34 70 42 -1 20 55 40 -1 98 1 85 107
79864 106 58 86 52 66 108 10 23 89 26 53 49 -1 -1 5 39 68 29 35 61 44 83 64 99 -1 8 48 104 46 47 105 72 65 93 41 -1 36 78 18 24 51 -1 96 69 92 34 70 42 -1 20 55 40 -1 98 1 85 107
79926 53 58 106 69 61 108 10 23 89 18 26 49 -1 -1 5 20 68 29 65 52 44 83 110 70 -1 8 48 104 46 47 105 35 39 99 41 -1 36 78 66 107 51 -1 96 64 92 34 72 42 -1 86 55 40 -1 98 1 85 24
79926 53 58 106 69 61 108 10 23 89 18 26 49 -1 -1 5 20 68 29 65 52 44 83 110 70 -1 8 48 104 46 47 105 35 39 99 41 -1 36 78 66 107 51 -1 96 64 92 34 72 42 -1 86 55 40 -1 98 1 85 24
79926 53 58 106 69 61 108 10 23 89 18 26 49 -1 -1 5 20 68 29 65 52 44 83 110 70 -1 8 48 104 46 47 105 35 39 99 41 -1 36 78 66 107 51 -1 96 64 92 34 72 42 -1 86 55 40 -1 98 1 85 24
79926 53 58 106 69 61 108 10 23 89 18 26 49 -1 -1 5 20 68 29 65 52 44 83 110 70 -1 8 48 104 46 47 105 35 39 99 41 -1 36 78 66 107 51 -1 96 64 92 34 72 42 -1 86 55 40 -1 98 1 85 24
80685 53 58 106 69 61 108 10 23 89 18 26 49 -1 -1 5 114 68 29 65 52 44 83 110 70 -1 8 48 104 46 47 105 35 20 99 41 -1 36 78 66 24 51 -1 96 64 92 34 72 42 -1 86 55 40 -1 98 1 85 107
80685 53 58 106 69 61 108 10 23 89 18 26 49 -1 -1 5 114 68 29 65 52 44 83 110 70 -1 8 48 104 46 47 105 35 20 99 41 -1 36 78 66 24 51 -1 96 64 92 34 72 42 -1 86 55 40 -1 98 1 85 107
80685 53 58 106 69 61 108 10 23 89 18 26 49 -1 -1 5 114 68 29 65 52 44 83 110 70 -1 8 48 104 46 47 105 35 20 99 41 -1 36 78 66 24 51 -1 96 64 92 34 72 42 -1 86 55 40 -1 98 1 85 107
80685 53 58 106 69 61 108 10 23 89 18 26 49 -1 -1 5 114 68 29 65 52 44 83 110 70 -1 8 48 104 46 47 105 35 20 99 41 -1 36 78 66 24 51 -1 96 64 92 34 72 42 -1 86 55 40 -1 98 1 85 107
80814 53 58 106 64 61 47 10 46 118 18 26 85 -1 -1 49 114 68 29 65 69 44 83 5 70 -1 8 48 104 89 23 92 35 20 99 41 -1 36 78 66 24 51 -1 96 110 108 34 72 42 -1 86 55 40 -1 98 105 1 107
81051 53 58 106 64 61 47 10 46 118 18 26 85 -1 -1 49 114 68 29 65 69 44 83 5 70 -1 8 48 104 89 23 92 35 20 99 41 -1 36 78 66 24 51 98 96 110 108 34 72 42 -1 86 55 40 -1 119 105 1 107
81051 53 58 106 64 61 47 10 46 118 18 26 85 -1 -1 49 114 68 29 65 69 44 83 5 70 -1 8 48 104 89 23 92 35 20 99 41 -1 36 78 66 24 51 98 96 110 108 34 72 42 -1 86 55 40 -1 119 105 1 107
81131 53 58 106 64 61 47 10 46 118 18 26 85 -1 -1 49 114 68 29 65 69 44 83 5 70 119 8 48 104 89 23 92 35 20 99 41 -1 36 78 66 107 51 98 96 110 108 34 72 42 -1 86 55 40 -1 121 105 1 24
81150 53 58 106 64 61 47 10 46 118 18 26 85 -1 -1 49 114 68 29 65 122 44 83 5 70 119 8 48 104 89 23 92 35 20 99 41 69 36 78 66 107 51 98 96 110 108 34 72 42 -1 86 55 40 -1 121 105 1 24
81346 53 58 106 64 61 47 123 46 118 18 26 85 -1 -1 49 114 68 29 65 122 44 83 5 70 119 8 48 104 89 23 92 35 20 99 41 69 36 78 66 107 51 98 96 110 108 34 72 42 -1 86 55 40 -1 121 105 1 24
81346 53 58 106 64 61 47 123 46 118 18 26 85 -1 -1 49 114 68 29 65 122 44 83 5 70 119 8 48 104 89 23 92 35 20 99 41 69 36 78 66 107 51 98 96 110 108 34 72 42 -1 86 55 40 -1 121 105 1 24
81346 53 58 106 64 61 47 123 46 118 18 26 85 -1 -1 49 114 68 29 65 122 44 83 5 70 119 8 48 104 89 23 92 35 20 99 41 69 36 78 66 107 51 98 96 110 108 34 72 42 -1 86 55 40 -1 121 105 1 24
81346 53 58 106 64 61 47 123 46 118 18 26 85 -1 -1 49 114 68 29 65 122 44 83 5 70 119 8 48 104 89 23 92 35 20 99 41 69 36 78 66 107 51 98 96 110 108 34 72 42 -1 86 55 40 -1 121 105 1 24
81346 53 58 106 64 61 47 123 46 118 18 26 85 -1 -1 49 114 68 29 65 122 44 83 5 70 119 8 48 104 89 23 92 35 20 99 41 69 36 78 66 107 51 98 96 110 108 34 72 42 -1 86 55 40 -1 121 105 1 24
81603 53 58 106 122 61 108 123 23 118 18 26 49 -1 -1 5 114 68 29 65 69 44 83 110 70 119 8 48 104 46 47 105 35 20 99 41 128 36 78 66 107 51 98 96 64 92 34 72 42 -1 86 55 40 -1 121 1 85 24
81915 53 58 106 122 61 92 123 47 118 18 26 49 -1 -1 5 114 68 29 65 69 44 83 110 70 119 8 48 104 23 108 129 35 20 99 41 128 36 78 66 107 51 34 46 64 105 96 72 42 -1 86 55 40 -1 121 1 85 24
81915 53 58 106 122 61 92 123 47 118 18 26 49 -1 -1 5 114 68 29 65 69 44 83 110 70 119 8 48 104 23 108 129 35 20 99 41 128 36 78 66 107 51 34 46 64 105 96 72 42 -1 86 55 40 -1 121 1 85 24
81915 53 58 106 122 61 92 123 47 118 18 26 49 -1 -1 5 114 68 29 65 69 44 83 110 70 119 8 48 104 23 108 129 35 20 99 41 128 36 78 66 107 51 34 46 64 105 96 72 42 -1 86 55 40 -1 121 1 85 24
81915 53 58 106 122 61 92 123 47 118 18 26 49 -1 -1 5 114 68 29 65 69 44 83 110 70 119 8 48 104 23 108 129 35 20 99 41 128 36 78 66 107 51 34 46 64 105 96 72 42 -1 86 55 40 -1 121 1 85 24
82430 106 58 133 69 66 92 123 47 118 26 53 49 -1 -1 5 114 68 29 65 128 44 83 110 70 119 8 48 104 23 108 129 35 20 99 41 61 36 78 18 24 51 34 46 64 105 96 72 42 -1 86 55 40 -1 121 1 85 107
82672 133 58 86 128 18 92 123 47 118 53 106 49 -1 -1 5 20 68 41 35 61 44 83 64 99 119 8 51 104 23 108 129 72 65 48 134 66 36 29 26 24 55 34 46 69 105 96 70 42 -1 114 78 40 -1 121 1 85 107
82672 133 58 86 128 18 92 123 47 118 53 106 49 -1 -1 5 20 68 41 35 61 44 83 64 99 119 8 51 104 23 108 129 72 65 48 134 66 36 29 26 24 55 34 46 69 105 96 70 42 -1 114 78 40 -1 121 1 85 107
83033 106 58 133 128 136 92 123 47 118 26 53 49 -1 -1 5 114 68 41 65 61 44 83 64 99 119 8 51 104 23 108 129 35 20 48 134 66 36 29 18 107 55 34 46 69 105 96 70 42 -1 86 78 40 -1 121 1 85 24
83033 106 58 133 128 136 92 123 47 118 26 53 49 -1 -1 5 114 68 41 65 61 44 83 64 99 119 8 51 104 23 108 129 35 20 48 134 66 36 29 18 107 55 34 46 69 105 96 70 42 -1 86 78 40 -1 121 1 85 24
83033 106 58 133 128 136 92 123 47 118 26 53 49 -1 -1 5 114 68 41 65 61 44 83 64 99 119 8 51 104 23 108 129 35 20 48 134 66 36 29 18 107 55 34 46 69 105 96 70 42 -1 86 78 40 -1 121 1 85 24
83033 106 58 133 128 136 92 123 47 118 26 53 49 -1 -1 5 114 68 41 65 61 44 83 64 99 119 8 51 104 23 108 129 35 20 48 134 66 36 29 18 107 55 34 46 69 105 96 70 42 -1 86 78 40 -1 121 1 85 24
83033 106 58 133 128 136 92 123 47 118 26 53 49 -1 -1 5 114 68 41 65 61 44 83 64 99 119 8 51 104 23 108 129 35 20 48 134 66 36 29 18 107 55 34 46 69 105 96 70 42 -1 86 78 40 -1 121 1 85 24
83033 106 58 133 128 136 92 123 47 118 26 53 49 -1 -1 5 114 68 41 65 61 44 83 64 99 119 8 51 104 23 108 129 35 20 48 134 66 36 29 18 107 55 34 46 69 105 96 70 42 -1 86 78 40 -1 121 1 85 24
