22592 -1 -1 -1 -1 -1 -1 -1 -1 -1 -1 -1 -1 -1 -1 -1 -1 -1 -1 -1 -1 -1 -1 -1 -1 -1 -1 -1 -1 -1 -1 -1 -1 -1 -1 -1 -1 -1 -1 -1 -1 -1 -1 -1 -1 -1 -1 -1
23363 -1 -1 -1 -1 -1 -1 -1 -1 -1 -1 -1 -1 -1 -1 -1 -1 -1 -1 -1 -1 -1 -1 -1 -1 -1 -1 -1 -1 -1 -1 -1 -1 -1 -1 -1 -1 0 -1 -1 -1 -1 -1 -1 -1 -1 -1 -1
23928 -1 -1 -1 -1 -1 -1 -1 -1 -1 -1 -1 -1 -1 -1 -1 -1 -1 -1 -1 -1 -1 1 -1 -1 -1 -1 -1 -1 -1 -1 -1 -1 -1 -1 -1 -1 0 -1 -1 -1 -1 -1 -1 -1 -1 -1 -1
24958 -1 -1 -1 -1 -1 -1 -1 0 -1 -1 -1 -1 -1 -1 -1 -1 -1 -1 -1 -1 -1 1 -1 -1 -1 -1 -1 -1 -1 -1 -1 -1 -1 -1 -1 -1 2 -1 -1 -1 -1 -1 -1 -1 -1 -1 -1
25446 -1 -1 -1 -1 -1 -1 -1 0 -1 -1 3 -1 -1 -1 -1 -1 -1 -1 -1 -1 -1 1 -1 -1 -1 -1 -1 -1 -1 -1 -1 -1 -1 -1 -1 -1 2 -1 -1 -1 -1 -1 -1 -1 -1 -1 -1
25483 -1 -1 4 -1 -1 -1 -1 0 -1 -1 3 -1 -1 -1 -1 -1 -1 -1 -1 -1 -1 1 -1 -1 -1 -1 -1 -1 -1 -1 -1 -1 -1 -1 -1 -1 2 -1 -1 -1 -1 -1 -1 -1 -1 -1 -1
27558 -1 -1 4 -1 -1 -1 -1 0 5 -1 3 -1 -1 -1 -1 -1 -1 -1 -1 -1 -1 1 -1 -1 -1 -1 -1 -1 -1 -1 -1 -1 -1 -1 -1 -1 2 -1 -1 -1 -1 -1 -1 -1 -1 -1 -1
28453 -1 -1 4 -1 -1 -1 -1 6 5 -1 3 2 -1 -1 -1 -1 -1 -1 -1 -1 -1 1 -1 -1 -1 -1 -1 -1 -1 -1 -1 -1 -1 -1 -1 -1 0 -1 -1 -1 -1 -1 -1 -1 -1 -1 -1
29106 -1 -1 4 -1 -1 -1 -1 6 5 -1 3 2 -1 -1 -1 -1 -1 -1 -1 0 -1 1 -1 -1 -1 -1 -1 -1 -1 -1 -1 -1 -1 -1 -1 -1 7 -1 -1 -1 -1 -1 -1 -1 -1 -1 -1
29515 -1 -1 4 -1 -1 -1 7 6 5 -1 3 2 -1 -1 -1 -1 -1 -1 -1 8 -1 1 -1 -1 -1 -1 -1 -1 -1 -1 -1 -1 -1 -1 -1 -1 0 -1 -1 -1 -1 -1 -1 -1 -1 -1 -1
31269 -1 -1 4 -1 -1 -1 7 6 5 -1 3 2 -1 -1 -1 -1 -1 -1 -1 8 -1 1 -1 -1 -1 -1 -1 -1 -1 -1 -1 -1 -1 -1 9 -1 0 -1 -1 -1 -1 -1 -1 -1 -1 -1 -1
31269 -1 -1 4 -1 -1 -1 7 6 5 -1 3 2 -1 -1 -1 -1 -1 -1 -1 8 -1 1 -1 -1 -1 -1 -1 -1 -1 -1 -1 -1 -1 -1 9 -1 0 -1 -1 -1 -1 -1 -1 -1 -1 -1 -1
31665 -1 -1 4 -1 -1 -1 7 6 5 -1 3 2 -1 -1 -1 -1 -1 -1 -1 8 -1 1 -1 -1 -1 -1 -1 -1 -1 -1 -1 11 -1 -1 9 -1 0 -1 -1 -1 -1 -1 -1 -1 -1 -1 -1
33667 7 -1 4 -1 -1 -1 0 9 12 -1 3 2 -1 -1 -1 -1 -1 -1 -1 6 -1 1 -1 -1 -1 -1 -1 -1 -1 -1 -1 11 -1 -1 5 -1 8 -1 -1 -1 -1 -1 -1 -1 -1 -1 -1
35003 7 -1 4 6 -1 -1 0 9 12 -1 3 2 -1 -1 -1 -1 -1 -1 -1 13 -1 1 -1 -1 -1 -1 -1 -1 -1 -1 -1 11 -1 -1 5 -1 8 -1 -1 -1 -1 -1 -1 -1 -1 -1 -1
35578 7 -1 4 8 -1 -1 0 9 12 -1 3 2 -1 -1 -1 13 -1 -1 -1 6 -1 1 -1 -1 -1 -1 -1 -1 -1 -1 -1 11 -1 -1 5 -1 14 -1 -1 -1 -1 -1 -1 -1 -1 -1 -1
37081 0 -1 4 6 -1 -1 14 9 12 -1 3 7 -1 -1 -1 15 -1 -1 -1 13 -1 1 -1 -1 -1 -1 -1 -1 -1 -1 -1 11 -1 -1 5 -1 8 2 -1 -1 -1 -1 -1 -1 -1 -1 -1
37560 0 -1 4 6 -1 -1 14 9 12 -1 3 7 -1 -1 -1 15 -1 16 -1 13 -1 1 -1 -1 -1 -1 -1 -1 -1 -1 -1 11 -1 -1 5 -1 8 2 -1 -1 -1 -1 -1 -1 -1 -1 -1
39419 0 -1 4 6 -1 -1 14 9 12 -1 3 7 -1 -1 -1 15 -1 16 -1 13 -1 1 -1 -1 -1 -1 -1 -1 -1 -1 5 11 -1 -1 17 -1 8 2 -1 -1 -1 -1 -1 -1 -1 -1 -1
39697 0 -1 4 6 -1 -1 14 9 12 -1 3 7 -1 -1 -1 15 -1 16 -1 13 -1 1 -1 -1 -1 -1 -1 -1 -1 -1 5 11 -1 -1 17 -1 8 2 -1 -1 -1 -1 18 -1 -1 -1 -1
41317 0 -1 4 13 -1 -1 8 5 12 -1 3 7 -1 -1 -1 9 -1 16 -1 15 -1 1 -1 -1 -1 -1 -1 -1 -1 -1 19 11 -1 -1 17 -1 6 2 -1 -1 -1 -1 18 14 -1 -1 -1
42489 0 -1 4 13 -1 -1 8 5 20 -1 3 7 12 -1 -1 9 -1 16 -1 15 -1 1 -1 -1 -1 -1 -1 -1 -1 -1 19 11 -1 -1 17 -1 6 2 -1 -1 -1 -1 18 14 -1 -1 -1
43248 0 -1 4 13 -1 -1 8 5 20 -1 3 7 12 -1 -1 9 -1 16 -1 15 -1 1 -1 11 -1 -1 -1 -1 -1 -1 19 21 -1 -1 17 -1 6 2 -1 -1 -1 -1 18 14 -1 -1 -1
43248 0 -1 4 13 -1 -1 8 5 20 -1 3 7 12 -1 -1 9 -1 16 -1 15 -1 1 -1 11 -1 -1 -1 -1 -1 -1 19 21 -1 -1 17 -1 6 2 -1 -1 -1 -1 18 14 -1 -1 -1
43248 0 -1 4 13 -1 -1 8 5 20 -1 3 7 12 -1 -1 9 -1 16 -1 15 -1 1 -1 11 -1 -1 -1 -1 -1 -1 19 21 -1 -1 17 -1 6 2 -1 -1 -1 -1 18 14 -1 -1 -1
43429 0 -1 4 13 -1 -1 8 5 20 -1 3 7 12 -1 -1 9 -1 16 -1 15 24 1 -1 11 -1 -1 -1 -1 -1 -1 19 21 -1 -1 17 -1 6 2 -1 -1 -1 -1 18 14 -1 -1 -1
44770 0 -1 4 13 -1 -1 8 5 17 -1 3 7 12 -1 20 9 -1 16 -1 15 24 1 -1 11 -1 -1 -1 -1 -1 -1 19 21 -1 -1 25 -1 6 2 -1 -1 -1 -1 18 14 -1 -1 -1
45235 14 -1 4 15 -1 -1 6 5 17 -1 3 0 12 -1 20 9 -1 16 -1 26 24 1 2 11 -1 -1 -1 -1 -1 -1 19 21 -1 -1 25 -1 13 7 -1 -1 -1 -1 18 8 -1 -1 -1
45235 14 -1 4 15 -1 -1 6 5 17 -1 3 0 12 -1 20 9 -1 16 -1 26 24 1 2 11 -1 -1 -1 -1 -1 -1 19 21 -1 -1 25 -1 13 7 -1 -1 -1 -1 18 8 -1 -1 -1
46177 14 -1 4 15 -1 -1 6 5 17 -1 3 0 12 -1 20 9 -1 16 21 26 24 1 28 11 -1 -1 -1 -1 -1 -1 19 18 -1 -1 25 -1 13 7 -1 -1 -1 -1 2 8 -1 -1 -1
47592 14 -1 4 15 -1 -1 6 5 17 -1 3 0 12 -1 20 9 -1 16 21 26 24 1 28 11 -1 -1 -1 -1 -1 -1 19 18 -1 29 25 -1 13 7 -1 -1 -1 -1 2 8 -1 -1 -1
48832 14 -1 4 26 -1 -1 13 19 17 -1 3 0 12 -1 20 5 -1 16 21 9 24 1 28 11 -1 -1 -1 -1 -1 -1 30 18 -1 29 25 -1 15 7 -1 -1 -1 8 2 6 -1 -1 -1
49003 14 -1 4 15 -1 -1 13 19 17 -1 3 0 12 -1 20 5 -1 16 21 26 24 1 28 11 -1 -1 -1 -1 -1 -1 30 18 -1 29 25 -1 31 7 9 -1 -1 8 2 6 -1 -1 -1
49018 14 -1 11 15 -1 -1 13 19 17 -1 3 0 12 -1 20 5 -1 16 18 26 24 1 28 21 -1 -1 -1 -1 -1 -1 30 32 -1 29 25 -1 31 7 9 -1 -1 8 2 6 -1 -1 -1
50701 14 -1 11 26 -1 -1 31 30 20 -1 3 0 12 -1 33 19 -1 16 18 9 24 1 28 21 -1 -1 -1 -1 8 -1 29 32 -1 25 17 -1 15 7 5 -1 -1 6 2 13 -1 -1 -1
51884 14 8 11 9 -1 -1 15 29 20 -1 3 0 12 -1 33 30 -1 16 18 5 24 1 28 21 -1 -1 -1 -1 6 -1 34 32 -1 25 17 -1 26 7 19 -1 -1 13 2 31 -1 -1 -1
52205 14 8 11 9 -1 -1 15 29 20 -1 3 0 12 -1 33 30 -1 16 18 5 24 1 7 21 -1 -1 -1 -1 6 -1 34 2 -1 25 17 -1 26 35 19 -1 -1 13 28 31 -1 -1 -1
52205 14 8 11 9 -1 -1 15 29 20 -1 3 0 12 -1 33 30 -1 16 18 5 24 1 7 21 -1 -1 -1 -1 6 -1 34 2 -1 25 17 -1 26 35 19 -1 -1 13 28 31 -1 -1 -1
52831 0 14 11 9 -1 -1 15 29 20 -1 3 37 12 -1 33 30 -1 16 18 5 24 1 7 21 -1 31 -1 -1 8 -1 34 2 -1 25 17 -1 26 35 19 -1 -1 6 28 13 -1 -1 -1
52986 37 0 11 9 -1 -1 15 29 20 -1 3 38 12 -1 33 30 -1 16 18 5 24 1 7 21 -1 31 -1 -1 14 -1 34 2 -1 25 17 -1 26 35 19 -1 -1 6 28 13 -1 -1 -1
52986 37 0 11 9 -1 -1 15 29 20 -1 3 38 12 -1 33 30 -1 16 18 5 24 1 7 21 -1 31 -1 -1 14 -1 34 2 -1 25 17 -1 26 35 19 -1 -1 6 28 13 -1 -1 -1
53075 37 0 11 40 -1 -1 15 29 20 -1 3 38 12 -1 33 30 -1 16 18 9 24 1 7 21 -1 31 -1 -1 14 -1 34 2 5 25 17 -1 26 35 19 -1 -1 6 28 13 -1 -1 -1
53308 0 14 11 40 -1 -1 15 29 20 38 3 37 12 -1 33 30 -1 16 18 9 24 1 7 21 -1 41 -1 -1 6 -1 34 2 5 25 17 -1 26 35 19 -1 -1 13 28 31 -1 -1 -1
53403 0 14 11 40 -1 -1 15 29 20 7 3 38 12 -1 33 30 37 16 18 9 24 1 42 21 -1 41 -1 -1 6 -1 34 2 5 25 17 -1 26 35 19 -1 -1 13 28 31 -1 -1 -1
54377 0 14 11 40 -1 -1 15 29 33 7 3 38 43 -1 12 30 37 16 18 9 24 1 42 21 -1 41 -1 17 6 -1 34 2 5 25 20 -1 26 35 19 -1 -1 13 28 31 -1 -1 -1
54377 0 14 11 40 -1 -1 15 29 33 7 3 38 43 -1 12 30 37 16 18 9 24 1 42 21 -1 41 -1 17 6 -1 34 2 5 25 20 -1 26 35 19 -1 -1 13 28 31 -1 -1 -1
55062 0 14 16 40 -1 -1 15 29 33 7 3 38 43 -1 12 30 37 45 21 9 24 1 42 11 -1 41 -1 17 6 -1 34 2 5 25 20 -1 26 35 19 -1 -1 13 28 31 -1 -1 -1
55280 0 14 16 26 -1 -1 41 29 33 7 3 38 43 -1 12 30 37 45 21 9 24 1 42 11 -1 31 -1 17 46 -1 34 2 5 25 20 -1 15 35 19 -1 -1 6 28 13 -1 -1 -1
55280 0 14 16 26 -1 -1 41 29 33 7 3 38 43 -1 12 30 37 45 21 9 24 1 42 11 -1 31 -1 17 46 -1 34 2 5 25 20 -1 15 35 19 -1 -1 6 28 13 -1 -1 -1
55831 14 46 16 9 -1 -1 15 29 33 7 3 38 43 -1 12 30 37 45 21 48 24 1 42 11 -1 41 -1 17 6 0 34 2 5 25 20 -1 26 35 19 -1 -1 13 28 31 -1 -1 -1
55831 14 46 16 9 -1 -1 15 29 33 7 3 38 43 -1 12 30 37 45 21 48 24 1 42 11 -1 41 -1 17 6 0 34 2 5 25 20 -1 26 35 19 -1 -1 13 28 31 -1 -1 -1
57079 14 46 16 9 -1 -1 26 29 33 7 3 38 43 -1 12 30 37 45 21 48 24 1 42 11 -1 15 -1 17 6 0 34 2 5 25 20 -1 50 35 19 -1 -1 13 28 41 -1 -1 -1
57079 14 46 16 9 -1 -1 26 29 33 7 3 38 43 -1 12 30 37 45 21 48 24 1 42 11 -1 15 -1 17 6 0 34 2 5 25 20 -1 50 35 19 -1 -1 13 28 41 -1 -1 -1
57079 14 46 16 9 -1 -1 26 29 33 7 3 38 43 -1 12 30 37 45 21 48 24 1 42 11 -1 15 -1 17 6 0 34 2 5 25 20 -1 50 35 19 -1 -1 13 28 41 -1 -1 -1
58311 14 46 16 9 -1 -1 26 29 33 7 3 38 43 -1 12 30 37 45 21 48 34 1 42 11 -1 15 -1 53 6 0 25 2 5 17 20 -1 50 35 19 -1 -1 13 28 41 -1 -1 -1
59194 14 46 16 50 -1 -1 15 29 33 7 3 38 43 -1 12 19 37 45 21 9 34 1 42 11 -1 41 -1 53 6 0 25 2 48 17 20 -1 26 35 5 -1 -1 13 28 54 30 -1 -1
59194 14 46 16 50 -1 -1 15 29 33 7 3 38 43 -1 12 19 37 45 21 9 34 1 42 11 -1 41 -1 53 6 0 25 2 48 17 20 -1 26 35 5 -1 -1 13 28 54 30 -1 -1
59598 14 46 16 50 -1 -1 15 29 33 7 3 38 43 -1 12 19 37 45 21 9 34 1 42 11 6 41 -1 53 13 0 25 2 48 17 20 -1 26 35 5 -1 -1 54 28 56 30 -1 -1
59598 14 46 16 50 -1 -1 15 29 33 7 3 38 43 -1 12 19 37 45 21 9 34 1 42 11 6 41 -1 53 13 0 25 2 48 17 20 -1 26 35 5 -1 -1 54 28 56 30 -1 -1
59598 14 46 16 50 -1 -1 15 29 33 7 3 38 43 -1 12 19 37 45 21 9 34 1 42 11 6 41 -1 53 13 0 25 2 48 17 20 -1 26 35 5 -1 -1 54 28 56 30 -1 -1
60125 46 59 16 50 -1 -1 15 29 33 7 3 37 43 -1 12 19 0 45 21 9 34 1 42 11 6 41 -1 53 13 14 25 2 48 17 20 -1 26 35 5 -1 -1 54 28 56 30 -1 -1
60786 59 6 16 9 -1 -1 26 34 33 37 3 0 43 -1 12 30 14 45 2 48 25 1 7 21 13 15 -1 53 54 46 60 28 5 17 20 -1 50 35 19 -1 -1 56 42 41 29 -1 -1
62041 6 13 16 48 -1 -1 50 25 33 0 3 14 43 37 12 29 46 45 2 5 60 1 7 21 54 26 -1 53 56 59 17 28 19 61 20 -1 9 35 30 -1 -1 41 42 15 34 -1 -1
62093 6 13 16 48 -1 -1 50 25 33 0 3 14 43 37 12 29 46 45 62 5 60 1 7 21 54 26 -1 53 56 59 17 2 19 61 20 -1 9 35 30 -1 -1 41 28 15 34 -1 -1
62093 6 13 16 48 -1 -1 50 25 33 0 3 14 43 37 12 29 46 45 62 5 60 1 7 21 54 26 -1 53 56 59 17 2 19 61 20 -1 9 35 30 -1 -1 41 28 15 34 -1 -1
62395 6 13 16 48 -1 -1 50 25 33 64 3 14 43 37 12 29 46 45 62 5 60 1 7 21 54 26 -1 53 56 59 17 2 19 61 20 -1 9 35 30 -1 -1 41 28 15 34 -1 -1
62395 6 13 16 48 -1 -1 50 25 33 64 3 14 43 37 12 29 46 45 62 5 60 1 7 21 54 26 -1 53 56 59 17 2 19 61 20 -1 9 35 30 -1 -1 41 28 15 34 -1 -1
62869 59 6 16 48 -1 -1 50 25 33 64 3 14 43 37 12 29 46 45 62 5 60 1 7 21 13 26 -1 53 54 66 17 2 19 61 20 -1 9 35 30 -1 -1 56 28 15 34 -1 -1
64437 6 13 16 5 -1 -1 9 60 12 64 3 46 67 37 43 34 66 45 62 19 17 1 7 21 54 50 -1 20 56 59 61 2 30 53 33 -1 48 35 29 -1 -1 15 28 26 25 -1 -1
64437 6 13 16 5 -1 -1 9 60 12 64 3 46 67 37 43 34 66 45 62 19 17 1 7 21 54 50 -1 20 56 59 61 2 30 53 33 -1 48 35 29 -1 -1 15 28 26 25 -1 -1
65059 69 6 16 5 -1 -1 9 60 12 64 3 46 67 37 43 34 66 45 62 19 17 1 7 21 13 50 -1 20 54 59 61 2 30 53 33 -1 48 35 29 -1 -1 56 28 15 25 -1 -1
65396 6 13 16 19 -1 -1 48 60 12 46 3 66 67 64 43 34 59 45 2 70 17 1 37 21 54 9 -1 20 56 69 61 28 30 53 33 -1 5 35 29 -1 -1 15 7 50 25 -1 -1
65396 6 13 16 19 -1 -1 48 60 12 46 3 66 67 64 43 34 59 45 2 70 17 1 37 21 54 9 -1 20 56 69 61 28 30 53 33 -1 5 35 29 -1 -1 15 7 50 25 -1 -1
66654 6 13 16 70 -1 -1 5 60 12 46 3 66 67 64 43 34 59 45 2 30 17 9 37 21 54 48 -1 20 56 69 61 28 29 53 33 -1 19 35 72 -1 -1 15 7 50 25 -1 -1
67138 69 6 16 70 -1 -1 5 60 12 64 3 46 67 37 43 34 66 45 2 30 17 9 7 21 54 48 -1 20 56 59 61 28 29 53 33 -1 19 35 72 -1 -1 15 73 50 25 -1 13
67978 6 13 16 70 -1 -1 5 60 12 46 3 66 67 37 43 34 59 45 2 30 17 74 7 21 56 48 -1 20 15 69 61 28 29 53 33 -1 19 64 72 -1 -1 50 73 9 25 -1 54
68287 6 13 21 70 -1 -1 5 60 12 46 3 66 67 37 43 34 59 45 75 30 17 74 7 2 56 48 -1 20 15 69 61 28 29 53 33 -1 19 64 72 -1 -1 50 73 9 25 -1 54
69550 13 54 21 30 -1 -1 19 17 12 66 3 59 67 64 43 25 69 45 75 29 61 48 37 2 15 5 -1 20 50 6 76 28 72 53 33 -1 70 46 34 -1 -1 9 73 74 60 -1 56
69550 13 54 21 30 -1 -1 19 17 12 66 3 59 67 64 43 25 69 45 75 29 61 48 37 2 15 5 -1 20 50 6 76 28 72 53 33 -1 70 46 34 -1 -1 9 73 74 60 -1 56
70150 54 56 21 30 -1 -1 19 17 12 59 3 69 67 64 43 25 6 45 75 29 61 48 37 2 78 5 -1 20 50 13 76 28 72 53 33 -1 70 66 34 -1 -1 9 73 74 60 -1 15
70150 54 56 21 30 -1 -1 19 17 12 59 3 69 67 64 43 25 6 45 75 29 61 48 37 2 78 5 -1 20 50 13 76 28 72 53 33 -1 70 66 34 -1 -1 9 73 74 60 -1 15
70610 56 15 21 29 -1 -1 70 61 12 59 3 69 67 64 43 60 6 45 75 72 76 5 37 2 50 19 -1 20 9 54 53 28 34 80 33 13 30 66 25 -1 -1 74 73 48 17 -1 78
70610 56 15 21 29 -1 -1 70 61 12 59 3 69 67 64 43 60 6 45 75 72 76 5 37 2 50 19 -1 20 9 54 53 28 34 80 33 13 30 66 25 -1 -1 74 73 48 17 -1 78
71166 15 78 21 72 66 -1 30 61 12 69 3 6 67 64 43 60 13 45 75 34 76 19 37 2 9 70 -1 20 74 56 53 28 82 80 33 54 29 59 25 -1 -1 48 73 5 17 -1 50
71789 78 50 21 72 66 -1 30 61 12 69 3 13 67 64 43 60 54 45 75 34 76 70 37 2 74 83 -1 20 48 15 53 28 82 80 33 56 29 59 25 -1 -1 5 73 19 17 -1 9
71871 78 50 21 72 66 -1 30 61 12 69 3 13 67 64 43 60 54 45 75 34 76 70 37 2 74 83 -1 20 48 15 53 28 82 80 33 56 29 59 25 -1 -1 5 73 19 17 84 9
72166 85 78 21 72 66 -1 30 61 12 69 50 13 67 64 43 60 54 45 75 34 76 70 37 2 74 83 -1 20 48 15 53 28 82 80 33 56 29 59 25 -1 -1 5 73 19 17 84 9
72166 85 78 21 72 66 -1 30 61 12 69 50 13 67 64 43 60 54 45 75 34 76 70 37 2 74 83 -1 20 48 15 53 28 82 80 33 56 29 59 25 -1 -1 5 73 19 17 84 9
72256 85 78 21 72 64 -1 30 61 12 59 50 69 67 87 43 60 13 45 75 34 76 70 37 2 74 83 -1 20 48 15 53 28 82 80 33 54 29 66 25 -1 -1 5 73 19 17 56 9
72256 85 78 21 72 64 -1 30 61 12 59 50 69 67 87 43 60 13 45 75 34 76 70 37 2 74 83 -1 20 48 15 53 28 82 80 33 54 29 66 25 -1 -1 5 73 19 17 56 9
72291 15 85 21 72 87 -1 30 61 12 66 78 59 67 37 43 60 69 45 75 34 76 70 73 2 9 83 -1 20 74 56 53 89 82 80 33 13 29 64 25 -1 -1 5 28 19 17 54 50
72291 15 85 21 72 87 -1 30 61 12 66 78 59 67 37 43 60 69 45 75 34 76 70 73 2 9 83 -1 20 74 56 53 89 82 80 33 13 29 64 25 -1 -1 5 28 19 17 54 50
72689 85 78 21 72 87 -1 30 61 12 66 50 59 67 37 43 60 69 45 75 34 76 70 73 2 74 83 -1 20 91 15 53 89 82 80 33 13 29 64 25 -1 -1 5 28 19 17 54 9
72828 15 85 21 72 87 -1 30 61 12 92 78 66 67 37 43 60 59 45 75 34 76 19 73 2 9 83 -1 20 74 54 53 89 82 80 33 69 29 64 25 -1 -1 91 28 5 17 13 50
72828 15 85 21 72 87 -1 30 61 12 92 78 66 67 37 43 60 59 45 75 34 76 19 73 2 9 83 -1 20 74 54 53 89 82 80 33 69 29 64 25 -1 -1 91 28 5 17 13 50
72828 15 85 21 72 87 -1 30 61 12 92 78 66 67 37 43 60 59 45 75 34 76 19 73 2 9 83 -1 20 74 54 53 89 82 80 33 69 29 64 25 -1 -1 91 28 5 17 13 50
72828 15 85 21 72 87 -1 30 61 12 92 78 66 67 37 43 60 59 45 75 34 76 19 73 2 9 83 -1 20 74 54 53 89 82 80 33 69 29 64 25 -1 -1 91 28 5 17 13 50
72832 85 78 21 96 87 -1 29 61 12 66 50 59 67 37 43 60 69 45 75 34 76 83 73 2 74 30 -1 20 91 15 53 89 82 80 33 13 72 92 25 -1 -1 5 28 19 17 54 9
73234 85 78 21 96 92 -1 29 61 12 59 50 69 67 37 43 60 13 45 75 34 76 83 73 2 74 30 -1 20 91 15 53 89 82 80 33 54 72 66 25 -1 -1 5 28 19 17 97 9
73344 15 85 21 72 92 -1 30 61 12 59 78 69 67 37 43 60 98 45 75 34 76 19 73 2 9 83 -1 20 74 97 53 89 82 80 33 13 29 66 25 -1 -1 91 28 5 17 54 50
73344 15 85 21 72 92 -1 30 61 12 59 78 69 67 37 43 60 98 45 75 34 76 19 73 2 9 83 -1 20 74 97 53 89 82 80 33 13 29 66 25 -1 -1 91 28 5 17 54 50
73344 15 85 21 72 92 -1 30 61 12 59 78 69 67 37 43 60 98 45 75 34 76 19 73 2 9 83 -1 20 74 97 53 89 82 80 33 13 29 66 25 -1 -1 91 28 5 17 54 50
73512 15 85 21 72 92 -1 30 61 12 59 78 69 67 37 43 60 98 45 75 34 76 19 101 2 9 83 -1 20 74 97 53 28 82 80 33 13 29 66 25 -1 -1 91 73 5 17 54 50
73514 102 85 21 72 66 -1 30 61 12 69 78 98 67 92 43 60 13 45 75 34 76 19 37 2 9 83 -1 20 74 15 53 28 82 80 33 54 29 59 25 73 -1 91 101 5 17 97 50
73514 102 85 21 72 66 -1 30 61 12 69 78 98 67 92 43 60 13 45 75 34 76 19 37 2 9 83 -1 20 74 15 53 28 82 80 33 54 29 59 25 73 -1 91 101 5 17 97 50
73907 15 85 21 72 66 -1 30 61 12 69 78 98 67 92 43 60 13 45 75 34 76 19 37 2 9 83 -1 20 74 104 53 28 82 80 33 54 29 59 25 73 -1 91 101 5 17 97 50
73907 15 85 21 72 66 -1 30 61 12 69 78 98 67 92 43 60 13 45 75 34 76 19 37 2 9 83 -1 20 74 104 53 28 82 80 33 54 29 59 25 73 -1 91 101 5 17 97 50
74876 85 78 21 34 59 -1 29 76 12 98 50 13 67 92 43 17 54 45 75 82 106 83 37 2 74 30 66 20 91 15 53 28 25 80 33 97 72 69 60 73 -1 5 101 19 61 104 9
74876 85 78 21 34 59 -1 29 76 12 98 50 13 67 92 43 17 54 45 75 82 106 83 37 2 74 30 66 20 91 15 53 28 25 80 33 97 72 69 60 73 -1 5 101 19 61 104 9
74876 85 78 21 34 59 -1 29 76 12 98 50 13 67 92 43 17 54 45 75 82 106 83 37 2 74 30 66 20 91 15 53 28 25 80 33 97 72 69 60 73 -1 5 101 19 61 104 9
75407 78 109 21 34 59 -1 29 76 12 13 50 54 67 92 43 17 97 45 75 82 106 83 37 2 74 30 66 20 91 85 53 28 25 80 33 104 72 69 60 73 -1 5 101 19 61 15 9
75639 109 50 21 34 69 -1 29 76 12 54 9 97 67 66 43 17 104 45 28 82 106 83 92 2 91 30 59 20 110 78 53 73 25 80 33 15 72 13 60 101 -1 5 37 19 61 85 74
75639 109 50 21 34 69 -1 29 76 12 54 9 97 67 66 43 17 104 45 28 82 106 83 92 2 91 30 59 20 110 78 53 73 25 80 33 15 72 13 60 101 -1 5 37 19 61 85 74
76175 109 50 21 34 69 -1 29 106 12 54 9 97 67 66 43 61 104 45 28 82 53 83 92 2 91 30 59 33 110 78 80 73 25 20 112 15 72 13 17 101 -1 5 37 19 76 85 74
76175 109 50 21 34 69 -1 29 106 12 54 9 97 67 66 43 61 104 45 28 82 53 83 92 2 91 30 59 33 110 78 80 73 25 20 112 15 72 13 17 101 -1 5 37 19 76 85 74
76526 50 9 21 34 13 -1 29 106 12 97 74 104 67 59 43 61 15 45 28 82 53 83 66 2 91 30 69 33 110 109 80 73 25 20 112 85 72 54 17 101 -1 5 92 19 76 78 114
76526 50 9 21 34 13 -1 29 106 12 97 74 104 67 59 43 61 15 45 28 82 53 83 66 2 91 30 69 33 110 109 80 73 25 20 112 85 72 54 17 101 -1 5 92 19 76 78 114
76526 50 9 21 34 13 -1 29 106 12 97 74 104 67 59 43 61 15 45 28 82 53 83 66 2 91 30 69 33 110 109 80 73 25 20 112 85 72 54 17 101 -1 5 92 19 76 78 114
77644 9 74 21 82 13 -1 72 53 43 97 114 104 117 59 67 76 15 45 28 25 80 30 66 2 110 29 69 112 5 50 20 73 17 33 12 78 34 54 61 101 -1 19 92 83 106 109 91
78280 9 74 21 82 13 -1 72 53 43 97 114 104 117 59 67 76 15 45 28 25 80 30 66 2 110 29 69 118 5 50 33 73 17 112 12 78 34 54 61 101 -1 19 92 83 106 109 91
78280 9 74 21 82 13 -1 72 53 43 97 114 104 117 59 67 76 15 45 28 25 80 30 66 2 110 29 69 118 5 50 33 73 17 112 12 78 34 54 61 101 -1 19 92 83 106 109 91
78280 9 74 21 82 13 -1 72 53 43 97 114 104 117 59 67 76 15 45 28 25 80 30 66 2 110 29 69 118 5 50 33 73 17 112 12 78 34 54 61 101 -1 19 92 83 106 109 91
78280 9 74 21 82 13 -1 72 53 43 97 114 104 117 59 67 76 15 45 28 25 80 30 66 2 110 29 69 118 5 50 33 73 17 112 12 78 34 54 61 101 -1 19 92 83 106 109 91
78403 74 114 21 25 54 -1 34 53 43 104 91 15 117 69 67 76 78 45 28 122 80 29 66 2 5 72 13 118 19 9 33 73 17 112 12 109 82 97 61 101 -1 83 92 30 106 50 110
78403 74 114 21 25 54 -1 34 53 43 104 91 15 117 69 67 76 78 45 28 122 80 29 66 2 5 72 13 118 19 9 33 73 17 112 12 109 82 97 61 101 -1 83 92 30 106 50 110
