-3898 -1 -1 -1 -1 -1 -1 -1 -1 -1 -1 -1 -1 -1 -1 -1 -1 -1 -1 -1 -1 -1 -1 -1 -1 -1 -1 -1 -1 -1 -1 -1 -1 -1 -1 -1 -1 -1 -1 -1 -1 -1 -1 -1 -1 -1 -1 -1 -1 -1 -1 -1 -1
-3436 -1 -1 -1 -1 -1 -1 -1 -1 -1 0 -1 -1 -1 -1 -1 -1 -1 -1 -1 -1 -1 -1 -1 -1 -1 -1 -1 -1 -1 -1 -1 -1 -1 -1 -1 -1 -1 -1 -1 -1 -1 -1 -1 -1 -1 -1 -1 -1 -1 -1 -1 -1
-1838 -1 -1 -1 -1 -1 -1 1 -1 -1 0 -1 -1 -1 -1 -1 -1 -1 -1 -1 -1 -1 -1 -1 -1 -1 -1 -1 -1 -1 -1 -1 -1 -1 -1 -1 -1 -1 -1 -1 -1 -1 -1 -1 -1 -1 -1 -1 -1 -1 -1 -1 -1
789 -1 -1 -1 -1 -1 -1 2 -1 -1 0 -1 -1 -1 -1 -1 -1 -1 -1 -1 -1 -1 -1 -1 -1 -1 -1 -1 -1 -1 -1 -1 -1 -1 -1 -1 -1 1 -1 -1 -1 -1 -1 -1 -1 -1 -1 -1 -1 -1 -1 -1 -1
3200 -1 -1 -1 -1 -1 -1 3 -1 -1 0 -1 -1 -1 -1 -1 -1 -1 -1 -1 -1 2 -1 -1 -1 -1 -1 -1 -1 -1 -1 -1 -1 -1 -1 -1 -1 1 -1 -1 -1 -1 -1 -1 -1 -1 -1 -1 -1 -1 -1 -1 -1
3200 -1 -1 -1 -1 -1 -1 3 -1 -1 0 -1 -1 -1 -1 -1 -1 -1 -1 -1 -1 2 -1 -1 -1 -1 -1 -1 -1 -1 -1 -1 -1 -1 -1 -1 -1 1 -1 -1 -1 -1 -1 -1 -1 -1 -1 -1 -1 -1 -1 -1 -1
5263 -1 -1 -1 -1 -1 -1 3 -1 -1 0 -1 -1 -1 -1 -1 -1 -1 -1 -1 -1 2 -1 -1 -1 -1 5 -1 -1 -1 -1 -1 -1 -1 -1 -1 -1 1 -1 -1 -1 -1 -1 -1 -1 -1 -1 -1 -1 -1 -1 -1 -1
7644 -1 -1 -1 -1 -1 -1 6 -1 -1 0 -1 -1 -1 -1 -1 -1 -1 -1 -1 -1 2 -1 -1 -1 -1 5 -1 -1 -1 3 -1 -1 -1 -1 -1 -1 1 -1 -1 -1 -1 -1 -1 -1 -1 -1 -1 -1 -1 -1 -1 -1
7644 -1 -1 -1 -1 -1 -1 6 -1 -1 0 -1 -1 -1 -1 -1 -1 -1 -1 -1 -1 2 -1 -1 -1 -1 5 -1 -1 -1 3 -1 -1 -1 -1 -1 -1 1 -1 -1 -1 -1 -1 -1 -1 -1 -1 -1 -1 -1 -1 -1 -1
8745 -1 -1 -1 -1 -1 -1 6 -1 -1 0 -1 -1 -1 -1 -1 -1 -1 -1 -1 -1 2 -1 -1 -1 -1 5 -1 -1 -1 3 -1 -1 -1 -1 -1 -1 1 -1 -1 -1 -1 -1 -1 -1 -1 -1 -1 -1 -1 8 -1 -1
10066 -1 -1 -1 -1 -1 -1 6 -1 -1 0 -1 -1 -1 -1 -1 -1 -1 -1 -1 -1 2 -1 -1 -1 -1 5 -1 -1 -1 3 8 -1 -1 -1 -1 -1 1 -1 -1 -1 -1 -1 -1 -1 -1 -1 -1 -1 -1 9 -1 -1
10659 -1 -1 -1 -1 -1 -1 6 -1 -1 0 -1 -1 -1 -1 -1 -1 -1 -1 -1 -1 2 -1 -1 -1 -1 8 -1 -1 -1 3 10 -1 -1 -1 -1 -1 1 -1 -1 -1 -1 -1 -1 -1 -1 -1 -1 -1 -1 9 -1 5
13632 -1 -1 -1 -1 -1 -1 6 -1 -1 0 -1 -1 -1 -1 -1 -1 8 -1 -1 -1 2 -1 -1 -1 -1 5 -1 -1 -1 3 10 -1 -1 -1 -1 -1 1 -1 -1 -1 -1 -1 -1 -1 -1 -1 -1 -1 -1 9 -1 11
15583 -1 -1 -1 -1 -1 -1 6 -1 -1 0 -1 -1 -1 -1 -1 -1 8 -1 -1 1 2 -1 -1 -1 -1 5 -1 -1 -1 3 10 -1 -1 -1 -1 -1 12 -1 -1 -1 -1 -1 -1 -1 -1 -1 -1 -1 -1 9 -1 11
16672 -1 -1 -1 -1 -1 -1 6 3 -1 0 -1 -1 -1 -1 -1 -1 8 -1 -1 1 2 -1 -1 -1 -1 5 -1 -1 -1 13 10 -1 -1 -1 -1 -1 12 -1 -1 -1 -1 -1 -1 -1 -1 -1 -1 -1 -1 9 -1 11
17344 -1 -1 -1 -1 -1 -1 6 3 -1 0 -1 -1 -1 -1 -1 -1 8 -1 -1 1 2 -1 -1 -1 -1 5 -1 10 -1 13 14 -1 -1 -1 -1 -1 12 -1 -1 -1 -1 -1 -1 -1 -1 -1 -1 -1 -1 9 -1 11
18280 -1 -1 -1 -1 -1 -1 6 3 -1 0 -1 -1 -1 -1 -1 -1 8 -1 -1 12 2 -1 -1 -1 -1 5 -1 10 -1 13 14 1 -1 -1 -1 -1 15 -1 -1 -1 -1 -1 -1 -1 -1 -1 -1 -1 -1 9 -1 11
19828 -1 -1 -1 -1 -1 -1 13 15 -1 0 -1 -1 -1 -1 2 -1 8 -1 -1 12 6 -1 -1 -1 -1 5 -1 10 -1 3 14 1 -1 -1 -1 -1 16 -1 -1 -1 -1 -1 -1 -1 -1 -1 -1 -1 -1 9 -1 11
21939 -1 -1 -1 -1 -1 -1 13 15 -1 0 -1 -1 -1 -1 2 -1 8 -1 -1 12 6 -1 -1 -1 -1 17 -1 10 -1 3 14 1 -1 -1 -1 -1 16 -1 -1 -1 -1 11 -1 -1 -1 -1 -1 -1 -1 9 -1 5
21939 -1 -1 -1 -1 -1 -1 13 15 -1 0 -1 -1 -1 -1 2 -1 8 -1 -1 12 6 -1 -1 -1 -1 17 -1 10 -1 3 14 1 -1 -1 -1 -1 16 -1 -1 -1 -1 11 -1 -1 -1 -1 -1 -1 -1 9 -1 5
22310 -1 -1 -1 -1 -1 -1 13 15 -1 0 -1 -1 -1 -1 2 -1 8 -1 -1 12 6 -1 -1 -1 -1 17 -1 10 -1 3 14 1 -1 -1 -1 -1 16 -1 -1 -1 -1 11 -1 -1 -1 -1 -1 -1 19 9 -1 5
23147 -1 -1 -1 -1 -1 -1 13 15 -1 0 -1 -1 -1 -1 2 -1 8 20 -1 12 6 -1 -1 -1 -1 17 -1 10 -1 3 14 1 -1 -1 -1 -1 16 -1 -1 -1 -1 11 -1 -1 -1 -1 -1 -1 19 9 -1 5
24288 -1 -1 -1 -1 -1 -1 13 15 -1 0 -1 -1 -1 -1 2 -1 8 20 -1 12 6 -1 -1 -1 -1 17 -1 10 -1 3 21 1 -1 -1 -1 -1 16 -1 14 -1 -1 11 -1 -1 -1 -1 -1 -1 19 9 -1 5
24288 -1 -1 -1 -1 -1 -1 13 15 -1 0 -1 -1 -1 -1 2 -1 8 20 -1 12 6 -1 -1 -1 -1 17 -1 10 -1 3 21 1 -1 -1 -1 -1 16 -1 14 -1 -1 11 -1 -1 -1 -1 -1 -1 19 9 -1 5
24662 -1 -1 -1 -1 -1 -1 23 15 -1 0 -1 -1 -1 -1 6 -1 8 20 -1 12 13 -1 -1 -1 -1 17 -1 10 -1 3 21 1 -1 -1 -1 -1 16 2 14 -1 -1 11 -1 -1 -1 -1 -1 -1 19 9 -1 5
24710 -1 -1 -1 -1 -1 -1 23 3 -1 0 -1 -1 -1 -1 6 -1 8 20 -1 12 13 -1 -1 -1 -1 17 -1 10 -1 24 21 1 -1 -1 -1 -1 16 2 14 -1 -1 11 -1 15 -1 -1 -1 -1 19 9 -1 5
25820 -1 -1 -1 -1 -1 -1 24 15 -1 0 -1 -1 -1 2 13 -1 8 20 -1 19 23 -1 -1 -1 -1 17 -1 10 -1 3 21 1 -1 -1 -1 -1 12 6 14 -1 -1 11 -1 16 -1 -1 -1 -1 25 9 -1 5
26006 -1 -1 -1 -1 -1 -1 24 15 -1 0 -1 -1 -1 2 13 -1 8 20 -1 12 23 -1 -1 -1 -1 17 -1 10 -1 3 21 25 -1 -1 -1 -1 16 6 14 -1 -1 11 -1 26 -1 1 -1 -1 19 9 -1 5
27741 -1 -1 -1 -1 -1 -1 23 15 -1 0 -1 -1 -1 2 6 -1 8 20 -1 12 13 -1 -1 -1 -1 17 -1 10 -1 3 21 25 -1 -1 -1 -1 16 27 14 -1 -1 11 -1 26 -1 1 -1 -1 19 9 -1 5
30557 26 -1 -1 -1 -1 -1 23 15 -1 0 -1 -1 -1 2 6 -1 17 10 -1 19 13 -1 -1 -1 -1 5 -1 8 -1 3 14 1 -1 -1 -1 -1 12 27 20 -1 -1 11 -1 16 -1 9 -1 -1 25 21 -1 28
32668 26 -1 -1 -1 3 -1 13 15 -1 0 -1 -1 -1 2 29 -1 17 10 -1 19 6 -1 -1 -1 -1 5 -1 8 -1 23 14 1 -1 -1 -1 -1 12 27 20 -1 -1 11 -1 16 -1 9 -1 -1 25 21 -1 28
33912 26 -1 5 -1 3 -1 13 15 -1 0 -1 -1 -1 2 29 -1 8 20 -1 19 6 -1 -1 -1 -1 17 -1 10 -1 23 21 25 -1 -1 -1 -1 12 27 14 -1 -1 11 -1 16 -1 1 -1 -1 30 9 -1 28
34871 26 -1 5 -1 3 -1 13 15 -1 0 -1 -1 -1 2 29 -1 8 20 -1 19 6 -1 -1 -1 -1 17 -1 10 -1 23 21 25 -1 -1 -1 -1 12 27 14 -1 -1 31 -1 16 -1 1 -1 -1 30 9 11 28
35000 15 -1 5 -1 23 -1 6 3 -1 0 -1 -1 -1 2 32 -1 8 20 -1 12 29 -1 -1 -1 -1 17 -1 10 -1 13 21 25 -1 -1 -1 -1 16 27 14 -1 -1 31 -1 26 -1 1 -1 -1 30 9 11 28
37127 26 -1 5 -1 23 -1 6 3 -1 15 -1 -1 -1 2 32 -1 17 10 -1 30 29 -1 -1 -1 -1 33 -1 8 -1 13 14 1 -1 -1 -1 -1 12 27 20 -1 -1 31 -1 16 -1 9 -1 -1 25 21 11 28
37127 26 -1 5 -1 23 -1 6 3 -1 15 -1 -1 -1 2 32 -1 17 10 -1 30 29 -1 -1 -1 -1 33 -1 8 -1 13 14 1 -1 -1 -1 -1 12 27 20 -1 -1 31 -1 16 -1 9 -1 -1 25 21 11 28
37127 26 -1 5 -1 23 -1 6 3 -1 15 -1 -1 -1 2 32 -1 17 10 -1 30 29 -1 -1 -1 -1 33 -1 8 -1 13 14 1 -1 -1 -1 -1 12 27 20 -1 -1 31 -1 16 -1 9 -1 -1 25 21 11 28
37659 26 -1 5 -1 23 -1 6 3 -1 15 -1 33 -1 2 32 -1 8 20 -1 36 29 -1 -1 -1 -1 17 -1 10 -1 13 21 25 -1 -1 -1 -1 12 27 14 -1 -1 31 -1 16 -1 1 -1 -1 30 9 11 28
38235 16 -1 5 -1 3 -1 6 15 -1 26 -1 33 -1 2 32 -1 8 37 -1 30 29 -1 -1 -1 -1 17 -1 10 -1 13 14 1 -1 -1 -1 -1 36 27 20 -1 -1 31 -1 12 -1 9 -1 -1 25 21 11 28
39328 38 -1 5 -1 3 -1 6 15 -1 16 -1 33 -1 2 32 -1 8 37 -1 30 29 -1 -1 -1 -1 17 -1 10 -1 13 14 1 -1 -1 -1 -1 36 27 20 -1 -1 31 -1 12 -1 9 -1 -1 25 21 11 28
39328 38 -1 5 -1 3 -1 6 15 -1 16 -1 33 -1 2 32 -1 8 37 -1 30 29 -1 -1 -1 -1 17 -1 10 -1 13 14 1 -1 -1 -1 -1 36 27 20 -1 -1 31 -1 12 -1 9 -1 -1 25 21 11 28
40584 38 -1 5 -1 3 -1 6 15 -1 16 -1 33 -1 2 32 -1 8 20 -1 40 29 -1 -1 -1 -1 17 -1 37 -1 13 21 25 -1 -1 -1 -1 36 27 14 -1 -1 31 -1 12 -1 1 -1 -1 30 9 11 28
40841 38 -1 5 -1 3 -1 41 15 -1 16 -1 33 -1 27 29 -1 8 20 -1 40 6 -1 -1 -1 -1 17 -1 37 -1 13 21 25 -1 -1 -1 -1 36 2 14 -1 -1 31 -1 12 -1 1 -1 -1 30 9 11 28
41311 38 -1 5 -1 3 -1 41 15 -1 16 -1 33 -1 27 29 -1 8 20 -1 40 6 -1 -1 -1 -1 17 -1 37 42 13 21 25 -1 -1 -1 -1 36 2 14 -1 -1 31 -1 12 -1 1 -1 -1 30 9 11 28
43122 12 -1 5 -1 3 -1 41 15 -1 16 -1 33 -1 27 29 -1 17 37 -1 30 6 -1 38 -1 -1 43 -1 8 42 13 14 1 -1 -1 -1 -1 40 2 20 -1 -1 31 -1 36 -1 9 -1 -1 25 21 11 28
44681 12 -1 28 -1 3 -1 41 15 -1 16 -1 42 -1 27 29 -1 43 8 -1 30 6 -1 38 -1 -1 33 -1 17 5 13 14 1 -1 -1 -1 -1 40 2 20 -1 -1 11 -1 36 37 9 -1 -1 25 21 44 31
44681 12 -1 28 -1 3 -1 41 15 -1 16 -1 42 -1 27 29 -1 43 8 -1 30 6 -1 38 -1 -1 33 -1 17 5 13 14 1 -1 -1 -1 -1 40 2 20 -1 -1 11 -1 36 37 9 -1 -1 25 21 44 31
44681 12 -1 28 -1 3 -1 41 15 -1 16 -1 42 -1 27 29 -1 43 8 -1 30 6 -1 38 -1 -1 33 -1 17 5 13 14 1 -1 -1 -1 -1 40 2 20 -1 -1 11 -1 36 37 9 -1 -1 25 21 44 31
44681 12 -1 28 -1 3 -1 41 15 -1 16 -1 42 -1 27 29 -1 43 8 -1 30 6 -1 38 -1 -1 33 -1 17 5 13 14 1 -1 -1 -1 -1 40 2 20 -1 -1 11 -1 36 37 9 -1 -1 25 21 44 31
45555 12 -1 28 -1 3 -1 41 15 -1 16 -1 5 -1 27 29 -1 33 17 21 30 6 -1 38 -1 -1 42 -1 43 48 13 20 1 -1 -1 -1 -1 40 2 37 -1 -1 11 -1 36 8 9 -1 -1 25 14 44 31
46114 12 -1 28 -1 3 -1 41 15 -1 16 -1 5 -1 27 29 -1 33 17 21 30 6 -1 38 -1 -1 42 -1 43 48 13 37 1 -1 -1 -1 -1 40 2 8 -1 -1 11 -1 36 49 9 -1 -1 25 20 44 31
47505 12 -1 28 -1 13 -1 41 3 -1 15 -1 5 -1 27 29 -1 33 17 21 30 6 -1 16 -1 -1 42 38 43 48 50 37 1 -1 -1 -1 -1 40 2 8 -1 -1 11 -1 36 49 9 -1 -1 25 20 44 31
47676 12 -1 28 -1 13 -1 41 3 -1 15 -1 5 -1 2 29 -1 33 17 21 30 6 -1 16 -1 -1 42 38 43 48 50 37 1 -1 -1 -1 -1 40 27 8 51 -1 11 -1 36 49 9 -1 -1 25 20 44 31
49209 12 5 31 -1 13 -1 41 3 -1 15 -1 48 -1 2 29 -1 33 17 21 30 6 -1 16 -1 -1 42 38 43 28 50 37 1 -1 -1 -1 -1 40 27 8 51 -1 11 -1 36 49 9 -1 -1 25 20 44 52
49209 12 5 31 -1 13 -1 41 3 -1 15 -1 48 -1 2 29 -1 33 17 21 30 6 -1 16 -1 -1 42 38 43 28 50 37 1 -1 -1 -1 -1 40 27 8 51 -1 11 -1 36 49 9 -1 -1 25 20 44 52
49960 12 5 31 -1 50 -1 54 13 -1 15 -1 48 -1 27 29 -1 33 17 21 30 6 -1 16 -1 -1 42 38 43 28 41 37 1 -1 -1 -1 -1 40 2 8 51 -1 11 -1 36 49 9 -1 3 25 20 44 52
49965 12 5 31 -1 50 -1 6 13 -1 15 -1 48 -1 55 2 -1 33 17 21 30 29 -1 16 -1 -1 42 38 43 28 54 37 1 -1 -1 -1 -1 40 27 8 51 -1 11 -1 36 49 9 -1 3 25 20 44 52
50031 12 5 31 -1 50 -1 6 13 -1 15 -1 48 -1 56 2 -1 33 17 21 30 29 -1 16 -1 -1 42 38 43 28 54 37 1 -1 -1 -1 -1 40 27 8 51 -1 11 -1 36 49 9 -1 3 25 20 44 52
50654 38 5 31 -1 50 49 6 13 -1 15 -1 48 -1 56 2 -1 33 17 51 40 29 -1 57 -1 -1 42 16 43 28 54 20 25 -1 -1 -1 -1 36 27 37 9 -1 11 -1 12 8 1 -1 3 30 21 44 52
50768 38 5 31 -1 50 49 6 13 -1 15 -1 48 -1 56 2 -1 33 17 51 30 29 -1 57 -1 -1 42 16 43 28 54 20 1 -1 -1 -1 12 40 27 37 9 -1 11 -1 36 8 58 -1 3 25 21 44 52
50768 38 5 31 -1 50 49 6 13 -1 15 -1 48 -1 56 2 -1 33 17 51 30 29 -1 57 -1 -1 42 16 43 28 54 20 1 -1 -1 -1 12 40 27 37 9 -1 11 -1 36 8 58 -1 3 25 21 44 52
50924 38 48 52 -1 50 17 6 13 -1 15 -1 28 -1 56 2 37 42 43 51 30 29 -1 57 -1 -1 5 16 33 31 54 20 1 -1 -1 -1 12 40 27 8 9 -1 11 -1 36 49 58 -1 3 25 21 44 60
51851 12 48 52 -1 50 17 6 3 -1 57 -1 28 -1 56 2 37 42 43 51 30 29 -1 16 -1 -1 5 38 33 31 54 20 1 -1 -1 -1 36 61 27 8 9 -1 11 -1 40 49 58 -1 15 25 21 44 60
51851 12 48 52 -1 50 17 6 3 -1 57 -1 28 -1 56 2 37 42 43 51 30 29 -1 16 -1 -1 5 38 33 31 54 20 1 -1 -1 -1 36 61 27 8 9 -1 11 -1 40 49 58 -1 15 25 21 44 60
51851 12 48 52 -1 50 17 6 3 -1 57 -1 28 -1 56 2 37 42 43 51 30 29 -1 16 -1 -1 5 38 33 31 54 20 1 -1 -1 -1 36 61 27 8 9 -1 11 -1 40 49 58 -1 15 25 21 44 60
52332 12 48 52 -1 50 17 6 3 -1 57 -1 28 -1 56 2 37 42 43 51 30 29 -1 16 1 -1 5 38 33 31 54 20 64 -1 -1 -1 36 61 27 8 9 -1 11 -1 40 49 58 -1 15 25 21 44 60
52332 12 48 52 -1 50 17 6 3 -1 57 -1 28 -1 56 2 37 42 43 51 30 29 -1 16 1 -1 5 38 33 31 54 20 64 -1 -1 -1 36 61 27 8 9 -1 11 -1 40 49 58 -1 15 25 21 44 60
52332 12 48 52 -1 50 17 6 3 -1 57 -1 28 -1 56 2 37 42 43 51 30 29 -1 16 1 -1 5 38 33 31 54 20 64 -1 -1 -1 36 61 27 8 9 -1 11 -1 40 49 58 -1 15 25 21 44 60
53550 12 48 52 -1 3 17 54 67 -1 57 -1 28 -1 27 29 37 42 43 51 30 6 -1 16 1 -1 5 38 33 31 50 20 64 -1 -1 -1 36 61 2 8 9 -1 11 -1 40 49 58 -1 15 25 21 44 60
53718 12 48 52 -1 50 17 54 3 -1 57 -1 28 -1 27 29 37 42 43 51 30 6 -1 16 1 -1 5 38 33 31 68 20 64 -1 -1 -1 36 61 2 8 9 -1 11 -1 40 49 58 -1 67 25 21 44 60
53718 12 48 52 -1 50 17 54 3 -1 57 -1 28 -1 27 29 37 42 43 51 30 6 -1 16 1 -1 5 38 33 31 68 20 64 -1 -1 -1 36 61 2 8 9 -1 11 -1 40 49 58 -1 67 25 21 44 60
53775 12 48 52 -1 50 17 54 3 58 57 -1 28 -1 2 29 37 42 43 51 61 6 -1 16 64 -1 5 38 33 31 68 20 25 -1 -1 -1 36 70 27 8 9 -1 11 -1 40 49 1 -1 67 30 21 44 60
53775 12 48 52 -1 50 17 54 3 58 57 -1 28 -1 2 29 37 42 43 51 61 6 -1 16 64 -1 5 38 33 31 68 20 25 -1 -1 -1 36 70 27 8 9 -1 11 -1 40 49 1 -1 67 30 21 44 60
53775 12 48 52 -1 50 17 54 3 58 57 -1 28 -1 2 29 37 42 43 51 61 6 -1 16 64 -1 5 38 33 31 68 20 25 -1 -1 -1 36 70 27 8 9 -1 11 -1 40 49 1 -1 67 30 21 44 60
53775 12 48 52 -1 50 17 54 3 58 57 -1 28 -1 2 29 37 42 43 51 61 6 -1 16 64 -1 5 38 33 31 68 20 25 -1 -1 -1 36 70 27 8 9 -1 11 -1 40 49 1 -1 67 30 21 44 60
53775 12 48 52 -1 50 17 54 3 58 57 -1 28 -1 2 29 37 42 43 51 61 6 -1 16 64 -1 5 38 33 31 68 20 25 -1 -1 -1 36 70 27 8 9 -1 11 -1 40 49 1 -1 67 30 21 44 60
53775 12 48 52 -1 50 17 54 3 58 57 -1 28 -1 2 29 37 42 43 51 61 6 -1 16 64 -1 5 38 33 31 68 20 25 -1 -1 -1 36 70 27 8 9 -1 11 -1 40 49 1 -1 67 30 21 44 60
53807 12 48 52 -1 50 17 54 3 76 57 -1 28 -1 27 29 37 42 43 51 61 6 -1 16 64 -1 5 38 33 31 68 20 25 -1 -1 -1 36 70 2 8 9 -1 11 -1 40 49 1 -1 67 30 21 44 60
55231 12 48 52 -1 50 77 54 3 76 57 -1 28 -1 27 29 8 42 43 21 61 6 -1 16 64 -1 5 38 33 31 68 37 25 -1 -1 -1 36 70 2 49 9 -1 11 -1 40 17 1 -1 67 30 20 44 60
56020 12 48 31 -1 50 77 54 3 76 57 -1 78 -1 27 29 49 42 43 21 61 6 -1 16 64 -1 5 38 33 28 68 37 25 -1 -1 -1 36 70 2 8 9 -1 11 -1 40 17 1 -1 67 30 20 44 52
56356 12 48 31 64 50 77 54 3 9 57 -1 78 -1 27 29 49 42 43 21 61 6 -1 16 1 -1 5 38 33 28 68 37 25 -1 -1 -1 36 70 2 8 79 -1 11 -1 40 17 76 -1 67 30 20 44 52
56356 12 48 31 64 50 77 54 3 9 57 -1 78 -1 27 29 49 42 43 21 61 6 -1 16 1 -1 5 38 33 28 68 37 25 -1 -1 -1 36 70 2 8 79 -1 11 -1 40 17 76 -1 67 30 20 44 52
56880 12 48 31 64 50 77 54 3 76 57 -1 78 -1 2 29 37 42 43 79 61 6 -1 16 81 -1 5 38 33 28 68 20 25 -1 -1 -1 36 70 27 49 9 -1 11 -1 40 17 1 -1 67 30 21 44 52
57508 38 48 31 25 50 77 54 82 76 67 -1 78 -1 2 29 37 42 43 79 70 6 -1 57 64 -1 5 16 33 28 68 20 30 -1 81 -1 12 40 27 49 9 -1 11 -1 36 17 1 -1 3 61 21 44 52
57911 38 48 31 25 50 43 54 82 9 67 -1 78 -1 2 29 49 42 83 21 70 6 -1 57 64 -1 5 16 33 28 68 37 30 -1 81 -1 12 40 27 17 79 -1 11 -1 36 77 1 -1 3 61 20 44 52
57937 38 48 31 25 50 43 54 82 9 67 -1 78 -1 2 29 49 42 83 79 70 6 -1 57 64 -1 5 16 33 28 68 37 30 -1 81 -1 12 40 27 17 84 -1 11 -1 36 77 1 -1 3 61 21 44 52
58352 38 78 52 25 50 43 54 82 9 67 -1 28 -1 2 29 49 5 83 79 70 6 -1 57 64 -1 48 16 33 31 68 37 30 -1 81 -1 12 40 27 17 84 -1 11 -1 36 77 1 -1 3 61 21 44 85
58352 38 78 52 25 50 43 54 82 9 67 -1 28 -1 2 29 49 5 83 79 70 6 -1 57 64 -1 48 16 33 31 68 37 30 -1 81 -1 12 40 27 17 84 -1 11 -1 36 77 1 -1 3 61 21 44 85
59094 38 78 52 64 50 83 54 82 79 67 -1 28 -1 27 29 17 48 33 21 61 6 -1 57 81 -1 87 16 5 31 68 49 25 -1 1 -1 12 40 2 77 84 -1 11 -1 36 43 9 -1 3 30 37 44 85
59724 38 88 52 64 50 33 54 82 79 67 -1 28 -1 27 29 77 87 5 21 61 6 -1 57 81 -1 78 16 48 31 68 17 25 -1 1 -1 12 40 2 43 84 -1 11 -1 36 83 9 -1 3 30 49 44 85
59724 38 88 52 64 50 33 54 82 79 67 -1 28 -1 27 29 77 87 5 21 61 6 -1 57 81 -1 78 16 48 31 68 17 25 -1 1 -1 12 40 2 43 84 -1 11 -1 36 83 9 -1 3 30 49 44 85
60360 16 88 52 25 68 33 6 50 9 3 -1 28 -1 2 90 77 87 5 21 40 29 -1 67 64 -1 78 57 48 31 54 17 30 -1 81 -1 38 36 27 43 79 -1 11 -1 12 83 1 -1 82 61 49 44 85
60360 16 88 52 25 68 33 6 50 9 3 -1 28 -1 2 90 77 87 5 21 40 29 -1 67 64 -1 78 57 48 31 54 17 30 -1 81 -1 38 36 27 43 79 -1 11 -1 12 83 1 -1 82 61 49 44 85
60614 16 88 52 25 68 33 6 50 9 3 -1 28 -1 27 2 77 87 5 21 61 29 -1 67 64 -1 78 57 48 31 54 17 30 -1 81 -1 38 40 90 43 79 -1 11 -1 12 83 1 -1 82 92 49 44 85
60614 16 88 52 25 68 33 6 50 9 3 -1 28 -1 27 2 77 87 5 21 61 29 -1 67 64 -1 78 57 48 31 54 17 30 -1 81 -1 38 40 90 43 79 -1 11 -1 12 83 1 -1 82 92 49 44 85
60624 16 88 52 25 68 5 6 50 9 3 -1 28 -1 2 90 43 87 94 49 61 29 -1 67 64 -1 78 57 48 31 54 77 30 79 81 -1 38 40 27 83 21 -1 11 -1 12 33 1 -1 82 92 17 44 85
61179 16 88 52 25 68 5 6 50 9 3 -1 28 -1 2 90 43 95 48 49 61 29 -1 67 64 -1 78 57 87 31 54 77 30 79 81 -1 38 40 27 83 21 -1 11 -1 12 33 1 -1 82 92 17 44 85
62202 16 88 52 25 54 5 29 50 9 3 -1 28 -1 2 90 43 95 48 49 61 96 -1 67 64 -1 78 57 87 31 6 77 30 79 81 -1 38 40 27 83 21 -1 11 -1 12 33 1 -1 82 92 17 44 85
62501 16 97 52 25 54 5 29 50 9 3 -1 88 -1 2 90 43 95 48 49 61 96 -1 67 64 -1 78 57 87 28 6 77 30 79 81 -1 38 40 27 83 21 -1 11 -1 12 33 1 -1 82 92 17 44 85
62501 16 97 52 25 54 5 29 50 9 3 -1 88 -1 2 90 43 95 48 49 61 96 -1 67 64 -1 78 57 87 28 6 77 30 79 81 -1 38 40 27 83 21 -1 11 -1 12 33 1 -1 82 92 17 44 85
64101 16 88 85 25 54 48 29 50 79 3 81 28 -1 27 96 83 78 87 17 61 2 -1 67 64 -1 97 57 95 52 6 43 30 21 1 -1 38 40 90 33 49 -1 44 -1 12 5 9 -1 82 92 77 99 11
64432 16 88 85 25 54 87 29 50 21 3 81 28 -1 27 96 33 78 100 77 61 2 -1 67 64 -1 97 57 95 52 6 83 30 49 1 -1 38 40 90 5 17 -1 44 -1 12 48 79 -1 82 92 43 99 11
64432 16 88 85 25 54 87 29 50 21 3 81 28 -1 27 96 33 78 100 77 61 2 -1 67 64 -1 97 57 95 52 6 83 30 49 1 -1 38 40 90 5 17 -1 44 -1 12 48 79 -1 82 92 43 99 11
65333 16 88 85 25 54 87 29 50 21 3 81 28 -1 90 2 33 78 100 77 61 27 -1 67 64 102 97 57 95 52 6 83 30 49 1 -1 38 40 96 5 17 -1 44 -1 12 48 79 -1 82 92 43 99 11
65333 16 88 85 25 54 87 29 50 21 3 81 28 -1 90 2 33 78 100 77 61 27 -1 67 64 102 97 57 95 52 6 83 30 49 1 -1 38 40 96 5 17 -1 44 -1 12 48 79 -1 82 92 43 99 11
65509 57 88 85 30 54 87 29 50 79 82 64 28 -1 96 27 33 78 100 77 40 90 -1 3 25 104 97 67 95 52 6 83 92 21 81 -1 16 12 2 5 17 -1 44 -1 38 48 1 -1 102 61 43 99 11
66044 57 88 85 25 54 87 29 50 79 82 81 28 -1 96 27 33 78 100 77 61 90 -1 3 64 104 97 67 95 52 6 83 30 21 1 -1 38 40 2 5 17 16 44 -1 12 48 105 -1 102 92 43 99 11
66044 57 88 85 25 54 87 29 50 79 82 81 28 -1 96 27 33 78 100 77 61 90 -1 3 64 104 97 67 95 52 6 83 30 21 1 -1 38 40 2 5 17 16 44 -1 12 48 105 -1 102 92 43 99 11
66044 57 88 85 25 54 87 29 50 79 82 81 28 -1 96 27 33 78 100 77 61 90 -1 3 64 104 97 67 95 52 6 83 30 21 1 -1 38 40 2 5 17 16 44 -1 12 48 105 -1 102 92 43 99 11
66770 57 88 85 25 54 87 29 50 108 82 81 28 -1 27 96 33 78 100 77 61 2 -1 3 64 104 97 67 95 52 6 83 30 21 1 -1 38 40 90 5 17 16 44 -1 12 48 105 -1 102 92 43 99 11
67179 57 88 85 64 54 87 29 50 108 82 1 28 -1 27 96 33 78 100 77 61 2 -1 3 81 104 97 67 95 52 6 83 25 21 109 -1 38 40 90 5 17 16 44 -1 12 48 105 -1 102 30 43 99 11
67511 57 88 85 64 6 87 110 54 108 82 1 28 50 27 96 33 78 100 77 61 2 -1 3 81 104 97 67 95 52 29 83 25 21 109 -1 38 40 90 5 17 16 44 -1 12 48 105 -1 102 30 43 99 11
67768 57 97 52 64 6 87 110 54 108 82 1 88 50 27 96 33 111 100 77 61 2 -1 3 81 104 78 67 95 28 29 83 25 21 109 -1 38 40 90 5 17 16 44 -1 12 48 105 -1 102 30 43 99 11
67768 57 97 52 64 6 87 110 54 108 82 1 88 50 27 96 33 111 100 77 61 2 -1 3 81 104 78 67 95 28 29 83 25 21 109 -1 38 40 90 5 17 16 44 -1 12 48 105 -1 102 30 43 99 11
67768 57 97 52 64 6 87 110 54 108 82 1 88 50 27 96 33 111 100 77 61 2 -1 3 81 104 78 67 95 28 29 83 25 21 109 -1 38 40 90 5 17 16 44 -1 12 48 105 -1 102 30 43 99 11
67768 57 97 52 64 6 87 110 54 108 82 1 88 50 27 96 33 111 100 77 61 2 -1 3 81 104 78 67 95 28 29 83 25 21 109 -1 38 40 90 5 17 16 44 -1 12 48 105 -1 102 30 43 99 11
68134 115 97 52 25 6 87 110 54 105 82 81 88 50 2 90 33 111 100 17 40 96 -1 3 64 104 78 67 95 28 29 43 30 108 1 -1 16 12 27 5 21 57 44 -1 38 48 109 -1 102 61 77 99 11
68852 115 88 11 25 6 100 110 54 105 82 81 28 50 2 90 5 78 95 77 40 96 -1 3 64 104 97 67 111 52 29 33 30 108 1 21 16 12 27 48 17 57 44 -1 38 87 109 -1 102 61 43 99 116
68852 115 88 11 25 6 100 110 54 105 82 81 28 50 2 90 5 78 95 77 40 96 -1 3 64 104 97 67 111 52 29 33 30 108 1 21 16 12 27 48 17 57 44 -1 38 87 109 -1 102 61 43 99 116
68852 115 88 11 25 6 100 110 54 105 82 81 28 50 2 90 5 78 95 77 40 96 -1 3 64 104 97 67 111 52 29 33 30 108 1 21 16 12 27 48 17 57 44 -1 38 87 109 -1 102 61 43 99 116
70112 115 88 11 25 6 100 110 54 105 82 81 28 50 90 2 5 119 95 77 40 27 -1 3 64 104 78 67 111 52 29 33 30 108 1 21 16 12 96 48 17 57 44 -1 38 87 109 -1 102 61 43 99 116
70112 115 88 11 25 6 100 110 54 105 82 81 28 50 90 2 5 119 95 77 40 27 -1 3 64 104 78 67 111 52 29 33 30 108 1 21 16 12 96 48 17 57 44 -1 38 87 109 -1 102 61 43 99 116
70112 115 88 11 25 6 100 110 54 105 82 81 28 50 90 2 5 119 95 77 40 27 -1 3 64 104 78 67 111 52 29 33 30 108 1 21 16 12 96 48 17 57 44 -1 38 87 109 -1 102 61 43 99 116
70112 115 88 11 25 6 100 110 54 105 82 81 28 50 90 2 5 119 95 77 40 27 -1 3 64 104 78 67 111 52 29 33 30 108 1 21 16 12 96 48 17 57 44 -1 38 87 109 -1 102 61 43 99 116
70112 115 88 11 25 6 100 110 54 105 82 81 28 50 90 2 5 119 95 77 40 27 -1 3 64 104 78 67 111 52 29 33 30 108 1 21 16 12 96 48 17 57 44 -1 38 87 109 -1 102 61 43 99 116
70112 115 88 11 25 6 100 110 54 105 82 81 28 50 90 2 5 119 95 77 40 27 -1 3 64 104 78 67 111 52 29 33 30 108 1 21 16 12 96 48 17 57 44 -1 38 87 109 -1 102 61 43 99 116
70112 115 88 11 25 6 100 110 54 105 82 81 28 50 90 2 5 119 95 77 40 27 -1 3 64 104 78 67 111 52 29 33 30 108 1 21 16 12 96 48 17 57 44 -1 38 87 109 -1 102 61 43 99 116
70614 126 88 11 25 6 100 110 50 105 3 81 28 104 2 90 5 119 95 77 40 96 -1 67 64 102 78 115 111 52 29 33 30 108 1 21 16 12 27 48 17 57 44 -1 38 87 109 -1 82 61 43 99 116
70614 126 88 11 25 6 100 110 50 105 3 81 28 104 2 90 5 119 95 77 40 96 -1 67 64 102 78 115 111 52 29 33 30 108 1 21 16 12 27 48 17 57 44 -1 38 87 109 -1 82 61 43 99 116
71796 126 128 11 25 6 95 110 50 105 3 81 28 104 27 96 5 78 111 77 40 2 -1 67 64 102 88 115 119 52 29 33 30 108 1 21 16 12 90 87 17 57 44 -1 38 100 109 -1 82 61 43 99 116
71796 126 128 11 25 6 95 110 50 105 3 81 28 104 27 96 5 78 111 77 40 2 -1 67 64 102 88 115 119 52 29 33 30 108 1 21 16 12 90 87 17 57 44 -1 38 100 109 -1 82 61 43 99 116
71796 126 128 11 25 6 95 110 50 105 3 81 28 104 27 96 5 78 111 77 40 2 -1 67 64 102 88 115 119 52 29 33 30 108 1 21 16 12 90 87 17 57 44 -1 38 100 109 -1 82 61 43 99 116
71796 126 128 11 25 6 95 110 50 105 3 81 28 104 27 96 5 78 111 77 40 2 -1 67 64 102 88 115 119 52 29 33 30 108 1 21 16 12 90 87 17 57 44 -1 38 100 109 -1 82 61 43 99 116
72162 126 128 11 64 6 95 110 50 105 3 132 28 104 2 90 5 78 111 77 40 96 -1 67 81 102 88 115 119 52 29 33 30 108 1 21 16 12 27 87 17 57 44 -1 38 100 109 -1 82 61 43 99 116
72162 126 128 11 64 6 95 110 50 105 3 132 28 104 2 90 5 78 111 77 40 96 -1 67 81 102 88 115 119 52 29 33 30 108 1 21 16 12 27 87 17 57 44 -1 38 100 109 -1 82 61 43 99 116
72162 126 128 11 64 6 95 110 50 105 3 132 28 104 2 90 5 78 111 77 40 96 -1 67 81 102 88 115 119 52 29 33 30 108 1 21 16 12 27 87 17 57 44 -1 38 100 109 -1 82 61 43 99 116
72162 126 128 11 64 6 95 110 50 105 3 132 28 104 2 90 5 78 111 77 40 96 -1 67 81 102 88 115 119 52 29 33 30 108 1 21 16 12 27 87 17 57 44 -1 38 100 109 -1 82 61 43 99 116
72757 115 128 11 30 6 95 110 136 105 82 132 28 50 96 27 5 78 111 77 12 90 -1 3 81 104 88 67 119 52 29 33 61 108 1 21 57 38 2 87 17 126 44 -1 16 100 109 -1 102 40 43 99 116
73444 115 128 11 30 6 111 110 136 105 82 132 28 50 96 27 87 88 119 43 12 90 -1 3 81 104 137 67 78 52 29 5 61 108 1 17 57 38 2 100 77 126 44 -1 16 95 109 -1 102 40 33 99 116
73665 126 128 11 30 6 111 110 136 105 3 132 28 50 96 27 87 88 119 43 12 90 -1 67 81 102 137 115 78 52 29 5 61 108 1 17 57 38 2 100 77 138 44 -1 16 95 109 -1 82 40 33 99 116
73827 126 128 11 30 6 111 110 136 139 3 132 28 50 96 27 87 88 119 43 12 90 -1 67 81 102 137 115 78 52 29 5 61 108 109 17 57 38 2 100 77 138 44 -1 16 95 105 -1 82 40 33 99 116
73827 126 128 11 30 6 111 110 136 139 3 132 28 50 96 27 87 88 119 43 12 90 -1 67 81 102 137 115 78 52 29 5 61 108 109 17 57 38 2 100 77 138 44 -1 16 95 105 -1 82 40 33 99 116
73827 126 128 11 30 6 111 110 136 139 3 132 28 50 96 27 87 88 119 43 12 90 -1 67 81 102 137 115 78 52 29 5 61 108 109 17 57 38 2 100 77 138 44 -1 16 95 105 -1 82 40 33 99 116
73827 126 128 11 30 6 111 110 136 139 3 132 28 50 96 27 87 88 119 43 12 90 -1 67 81 102 137 115 78 52 29 5 61 108 109 17 57 38 2 100 77 138 44 -1 16 95 105 -1 82 40 33 99 116
73827 126 128 11 30 6 111 110 136 139 3 132 28 50 96 27 87 88 119 43 12 90 -1 67 81 102 137 115 78 52 29 5 61 108 109 17 57 38 2 100 77 138 44 -1 16 95 105 -1 82 40 33 99 116
73827 126 128 11 30 6 111 110 136 139 3 132 28 50 96 27 87 88 119 43 12 90 -1 67 81 102 137 115 78 52 29 5 61 108 109 17 57 38 2 100 77 138 44 -1 16 95 105 -1 82 40 33 99 116
73827 126 128 11 30 6 111 110 136 139 3 132 28 50 96 27 87 88 119 43 12 90 -1 67 81 102 137 115 78 52 29 5 61 108 109 17 57 38 2 100 77 138 44 -1 16 95 105 -1 82 40 33 99 116
73827 126 128 11 30 6 111 110 136 139 3 132 28 50 96 27 87 88 119 43 12 90 -1 67 81 102 137 115 78 52 29 5 61 108 109 17 57 38 2 100 77 138 44 -1 16 95 105 -1 82 40 33 99 116
73827 126 128 11 30 6 111 110 136 139 3 132 28 50 96 27 87 88 119 43 12 90 -1 67 81 102 137 115 78 52 29 5 61 108 109 17 57 38 2 100 77 138 44 -1 16 95 105 -1 82 40 33 99 116
