30106 -1 -1 -1 -1 -1 -1 -1 -1 -1 -1 -1 -1 -1 -1 -1 -1 -1 -1 -1 -1 -1 -1 -1 -1 -1 -1 -1 -1 -1 -1 -1 -1 -1 -1 -1 -1 -1 -1 -1 -1 -1 -1 -1 -1 -1 -1 -1 -1 -1 -1 -1 -1 -1 -1 -1 -1 -1 -1 -1 -1
31984 -1 -1 -1 -1 -1 -1 -1 -1 -1 -1 -1 -1 -1 -1 -1 -1 -1 -1 -1 -1 -1 -1 -1 -1 -1 -1 -1 -1 -1 -1 -1 -1 -1 -1 -1 -1 -1 -1 -1 -1 -1 -1 -1 -1 -1 -1 -1 -1 -1 -1 -1 -1 -1 -1 0 -1 -1 -1 -1 -1
32534 -1 -1 -1 -1 -1 -1 1 -1 -1 -1 -1 -1 -1 -1 -1 -1 -1 -1 -1 -1 -1 -1 -1 -1 -1 -1 -1 -1 -1 -1 -1 -1 -1 -1 -1 -1 -1 -1 -1 -1 -1 -1 -1 -1 -1 -1 -1 -1 -1 -1 -1 -1 -1 -1 0 -1 -1 -1 -1 -1
32534 -1 -1 -1 -1 -1 -1 1 -1 -1 -1 -1 -1 -1 -1 -1 -1 -1 -1 -1 -1 -1 -1 -1 -1 -1 -1 -1 -1 -1 -1 -1 -1 -1 -1 -1 -1 -1 -1 -1 -1 -1 -1 -1 -1 -1 -1 -1 -1 -1 -1 -1 -1 -1 -1 0 -1 -1 -1 -1 -1
34367 -1 -1 -1 0 -1 -1 1 -1 -1 -1 -1 -1 -1 -1 -1 -1 -1 -1 -1 -1 -1 -1 -1 -1 -1 -1 -1 -1 -1 -1 -1 -1 -1 -1 -1 -1 -1 -1 -1 -1 -1 -1 -1 -1 -1 -1 -1 -1 -1 -1 -1 -1 -1 -1 3 -1 -1 -1 -1 -1
35959 -1 -1 -1 0 3 -1 1 -1 -1 -1 -1 -1 -1 -1 -1 -1 -1 -1 -1 -1 -1 -1 -1 -1 -1 -1 -1 -1 -1 -1 -1 -1 -1 -1 -1 -1 -1 -1 -1 -1 -1 -1 -1 -1 -1 -1 -1 -1 -1 -1 -1 -1 -1 -1 4 -1 -1 -1 -1 -1
37283 -1 -1 -1 4 3 -1 0 -1 -1 -1 -1 -1 -1 -1 -1 -1 -1 -1 -1 -1 -1 -1 -1 -1 -1 -1 -1 -1 -1 -1 -1 -1 1 -1 -1 -1 -1 -1 -1 -1 -1 -1 -1 -1 -1 -1 -1 -1 -1 -1 -1 -1 -1 -1 5 -1 -1 -1 -1 -1
38047 -1 -1 -1 4 3 -1 0 -1 -1 -1 -1 -1 -1 -1 6 -1 -1 -1 -1 -1 -1 -1 -1 -1 -1 -1 -1 -1 -1 -1 -1 -1 1 -1 -1 -1 -1 -1 -1 -1 -1 -1 -1 -1 -1 -1 -1 -1 -1 -1 -1 -1 -1 -1 5 -1 -1 -1 -1 -1
38732 -1 -1 -1 4 3 -1 0 -1 -1 -1 -1 -1 -1 -1 6 -1 -1 -1 -1 -1 -1 -1 -1 -1 -1 -1 -1 -1 -1 -1 -1 -1 1 -1 -1 -1 -1 -1 -1 -1 -1 -1 -1 -1 -1 -1 -1 -1 -1 -1 -1 -1 -1 -1 5 -1 -1 -1 7 -1
38732 -1 -1 -1 4 3 -1 0 -1 -1 -1 -1 -1 -1 -1 6 -1 -1 -1 -1 -1 -1 -1 -1 -1 -1 -1 -1 -1 -1 -1 -1 -1 1 -1 -1 -1 -1 -1 -1 -1 -1 -1 -1 -1 -1 -1 -1 -1 -1 -1 -1 -1 -1 -1 5 -1 -1 -1 7 -1
40394 -1 -1 -1 4 3 -1 0 -1 -1 -1 -1 -1 -1 -1 6 -1 -1 -1 -1 -1 -1 -1 -1 -1 -1 -1 -1 -1 -1 -1 -1 -1 1 -1 -1 -1 -1 -1 9 -1 -1 -1 -1 -1 -1 -1 -1 -1 -1 -1 -1 -1 -1 -1 5 -1 -1 -1 7 -1
40394 -1 -1 -1 4 3 -1 0 -1 -1 -1 -1 -1 -1 -1 6 -1 -1 -1 -1 -1 -1 -1 -1 -1 -1 -1 -1 -1 -1 -1 -1 -1 1 -1 -1 -1 -1 -1 9 -1 -1 -1 -1 -1 -1 -1 -1 -1 -1 -1 -1 -1 -1 -1 5 -1 -1 -1 7 -1
41467 -1 -1 -1 4 3 -1 0 -1 -1 -1 -1 -1 -1 -1 6 -1 -1 -1 -1 -1 -1 -1 -1 11 -1 -1 -1 -1 -1 -1 -1 -1 1 -1 -1 -1 -1 -1 9 -1 -1 -1 -1 -1 -1 -1 -1 -1 -1 -1 -1 -1 -1 -1 5 -1 -1 -1 7 -1
41888 -1 -1 -1 4 3 -1 0 -1 1 -1 -1 -1 -1 -1 6 -1 -1 -1 -1 -1 -1 -1 -1 11 -1 -1 -1 -1 -1 -1 -1 -1 12 -1 -1 -1 -1 -1 9 -1 -1 -1 -1 -1 -1 -1 -1 -1 -1 -1 -1 -1 -1 -1 5 -1 -1 -1 7 -1
42702 -1 -1 -1 5 3 -1 4 -1 12 -1 -1 -1 -1 -1 1 -1 -1 -1 -1 -1 -1 6 -1 7 -1 -1 -1 -1 -1 -1 -1 -1 11 -1 -1 -1 -1 -1 9 -1 -1 -1 -1 -1 -1 -1 -1 -1 -1 -1 -1 -1 -1 -1 13 -1 -1 -1 0 -1
43909 -1 -1 -1 14 13 -1 4 -1 12 -1 -1 -1 -1 -1 1 -1 -1 -1 -1 -1 -1 6 -1 7 -1 -1 -1 -1 -1 -1 -1 -1 11 -1 -1 -1 -1 3 9 -1 -1 -1 -1 -1 -1 -1 -1 -1 -1 -1 -1 -1 -1 -1 5 -1 -1 -1 0 -1
43941 -1 -1 -1 14 13 -1 4 -1 12 -1 -1 -1 -1 -1 1 -1 -1 -1 -1 -1 -1 15 -1 7 -1 -1 -1 -1 -1 -1 -1 -1 11 -1 -1 -1 -1 3 9 6 -1 -1 -1 -1 -1 -1 -1 -1 -1 -1 -1 -1 -1 -1 5 -1 -1 -1 0 -1
44502 -1 -1 -1 14 13 -1 4 -1 16 -1 -1 -1 -1 -1 1 -1 -1 -1 -1 -1 -1 15 -1 11 -1 -1 7 -1 -1 -1 -1 -1 12 -1 -1 -1 -1 3 9 6 -1 -1 -1 -1 -1 -1 -1 -1 -1 -1 -1 -1 -1 -1 5 -1 -1 -1 0 -1
44502 -1 -1 -1 14 13 -1 4 -1 16 -1 -1 -1 -1 -1 1 -1 -1 -1 -1 -1 -1 15 -1 11 -1 -1 7 -1 -1 -1 -1 -1 12 -1 -1 -1 -1 3 9 6 -1 -1 -1 -1 -1 -1 -1 -1 -1 -1 -1 -1 -1 -1 5 -1 -1 -1 0 -1
44770 -1 -1 -1 14 13 -1 4 -1 16 -1 -1 -1 -1 -1 1 -1 -1 -1 -1 -1 -1 15 -1 11 -1 -1 7 -1 -1 -1 -1 -1 12 -1 -1 -1 -1 3 9 18 -1 -1 -1 -1 -1 -1 -1 6 -1 -1 -1 -1 -1 -1 5 -1 -1 -1 0 -1
44910 -1 -1 -1 5 13 -1 14 -1 16 -1 -1 -1 -1 -1 1 -1 -1 -1 -1 -1 -1 15 -1 7 -1 -1 0 -1 -1 -1 11 -1 12 -1 -1 -1 -1 3 9 18 -1 -1 -1 -1 -1 -1 -1 6 -1 -1 -1 -1 -1 -1 19 -1 -1 -1 4 -1
45041 -1 -1 -1 5 13 -1 14 -1 16 -1 -1 -1 -1 -1 1 -1 -1 -1 -1 -1 -1 15 -1 7 -1 -1 0 -1 -1 -1 11 -1 12 -1 -1 -1 -1 3 9 18 20 -1 -1 -1 -1 -1 -1 6 -1 -1 -1 -1 -1 -1 19 -1 -1 -1 4 -1
46313 -1 -1 -1 5 3 -1 14 -1 16 -1 13 -1 -1 -1 1 -1 -1 -1 -1 -1 -1 15 -1 7 -1 -1 0 -1 -1 -1 11 -1 12 -1 -1 -1 -1 21 9 18 20 -1 -1 -1 -1 -1 -1 6 -1 -1 -1 -1 -1 -1 19 -1 -1 -1 4 -1
47357 -1 -1 -1 5 3 -1 14 -1 12 -1 13 -1 -1 -1 16 -1 -1 -1 -1 -1 -1 1 -1 0 -1 -1 22 -1 -1 -1 7 -1 11 -1 -1 -1 -1 21 9 6 20 -1 -1 -1 -1 -1 -1 15 -1 -1 -1 -1 -1 18 19 -1 -1 -1 4 -1
49160 -1 -1 -1 13 21 -1 5 -1 11 -1 3 -1 -1 -1 12 -1 -1 -1 -1 -1 -1 16 -1 22 -1 -1 4 -1 -1 -1 0 -1 7 -1 -1 -1 -1 23 9 6 20 -1 -1 -1 -1 -1 -1 1 -1 -1 -1 -1 -1 18 19 -1 -1 -1 14 -1
50498 -1 -1 -1 13 24 -1 5 -1 11 -1 3 -1 -1 -1 12 -1 -1 -1 -1 -1 -1 16 -1 22 -1 -1 4 -1 -1 -1 0 -1 7 -1 -1 -1 -1 23 9 6 20 -1 -1 -1 -1 -1 -1 1 -1 -1 -1 -1 -1 18 21 -1 -1 -1 14 -1
50640 -1 -1 -1 13 24 -1 5 -1 11 -1 3 -1 -1 -1 12 -1 -1 -1 -1 -1 -1 16 -1 22 -1 -1 4 -1 -1 -1 7 -1 25 -1 -1 -1 0 23 9 6 20 -1 -1 -1 -1 -1 -1 1 -1 -1 -1 -1 -1 18 21 -1 -1 -1 14 -1
50850 -1 -1 -1 13 24 -1 5 -1 12 -1 3 -1 -1 -1 16 -1 -1 -1 -1 -1 25 26 -1 22 -1 -1 4 -1 -1 -1 7 -1 11 -1 -1 -1 0 23 9 6 20 -1 -1 -1 -1 -1 -1 1 -1 -1 -1 -1 -1 18 21 -1 -1 -1 14 -1
50850 -1 -1 -1 13 24 -1 5 -1 12 -1 3 -1 -1 -1 16 -1 -1 -1 -1 -1 25 26 -1 22 -1 -1 4 -1 -1 -1 7 -1 11 -1 -1 -1 0 23 9 6 20 -1 -1 -1 -1 -1 -1 1 -1 -1 -1 -1 -1 18 21 -1 -1 -1 14 -1
51612 -1 -1 -1 13 24 -1 5 -1 11 -1 3 -1 -1 -1 12 -1 -1 -1 -1 -1 25 16 -1 22 -1 -1 4 -1 -1 -1 7 -1 28 -1 -1 -1 0 23 9 1 20 -1 -1 -1 -1 -1 -1 26 -1 18 -1 -1 -1 6 21 -1 -1 -1 14 -1
51612 -1 -1 -1 13 24 -1 5 -1 11 -1 3 -1 -1 -1 12 -1 -1 -1 -1 -1 25 16 -1 22 -1 -1 4 -1 -1 -1 7 -1 28 -1 -1 -1 0 23 9 1 20 -1 -1 -1 -1 -1 -1 26 -1 18 -1 -1 -1 6 21 -1 -1 -1 14 -1
51794 -1 -1 -1 13 24 -1 5 -1 12 -1 3 -1 -1 -1 16 -1 -1 -1 -1 -1 28 26 -1 22 -1 -1 4 -1 -1 25 7 -1 11 -1 -1 -1 0 23 9 6 20 -1 -1 -1 -1 -1 -1 1 -1 30 -1 -1 -1 18 21 -1 -1 -1 14 -1
52577 -1 -1 21 5 24 -1 14 -1 12 -1 13 -1 -1 -1 16 -1 -1 -1 -1 -1 28 26 -1 0 -1 -1 22 -1 -1 25 31 -1 11 -1 -1 -1 7 23 9 6 20 -1 -1 -1 -1 -1 -1 1 -1 30 -1 -1 -1 18 3 -1 -1 -1 4 -1
53316 -1 -1 21 5 24 -1 14 -1 11 -1 13 -1 -1 -1 12 -1 -1 -1 -1 -1 25 16 -1 22 -1 -1 32 -1 1 31 7 -1 28 -1 -1 -1 0 23 9 6 20 -1 -1 -1 -1 -1 -1 26 -1 30 -1 -1 -1 18 3 -1 -1 -1 4 -1
54427 -1 -1 24 13 33 -1 5 -1 11 -1 3 -1 -1 -1 12 -1 -1 -1 -1 -1 25 16 -1 32 -1 -1 4 -1 1 31 7 -1 28 -1 -1 -1 0 23 9 6 20 22 -1 -1 -1 -1 -1 26 -1 30 -1 -1 -1 18 21 -1 -1 -1 14 -1
55202 -1 -1 24 5 33 -1 34 -1 11 -1 13 -1 -1 -1 12 -1 -1 -1 -1 -1 25 16 -1 32 -1 -1 4 -1 1 31 7 -1 28 -1 3 -1 0 23 9 6 20 22 -1 -1 -1 -1 -1 26 -1 30 -1 -1 -1 18 21 -1 -1 -1 14 -1
55678 -1 -1 24 35 33 -1 34 -1 11 -1 13 -1 -1 -1 12 -1 -1 -1 -1 -1 25 16 -1 32 5 -1 4 -1 1 31 7 -1 28 -1 3 -1 0 23 9 6 20 22 -1 -1 -1 -1 -1 26 -1 30 -1 -1 -1 18 21 -1 -1 -1 14 -1
55678 -1 -1 24 35 33 -1 34 -1 11 -1 13 -1 -1 -1 12 -1 -1 -1 -1 -1 25 16 -1 32 5 -1 4 -1 1 31 7 -1 28 -1 3 -1 0 23 9 6 20 22 -1 -1 -1 -1 -1 26 -1 30 -1 -1 -1 18 21 -1 -1 -1 14 -1
57196 -1 -1 33 13 37 -1 5 -1 11 -1 3 -1 -1 -1 12 -1 -1 -1 -1 -1 31 16 -1 4 35 -1 14 -1 1 7 0 -1 28 -1 21 -1 22 23 9 6 20 32 -1 -1 -1 -1 -1 26 -1 30 -1 -1 -1 18 24 -1 -1 -1 34 -1
57911 -1 -1 33 3 37 -1 35 -1 11 -1 21 -1 -1 -1 12 -1 -1 -1 -1 -1 7 16 -1 14 13 28 34 -1 1 0 22 -1 31 -1 38 -1 32 23 9 6 20 4 -1 -1 -1 -1 -1 26 -1 30 -1 -1 -1 18 24 -1 -1 -1 5 -1
57936 -1 -1 33 3 37 -1 35 -1 11 -1 21 -1 -1 -1 12 -1 -1 -1 -1 -1 7 16 -1 14 13 28 34 -1 1 0 22 -1 31 -1 38 -1 32 23 9 6 20 4 -1 -1 -1 39 -1 26 -1 30 -1 -1 -1 18 24 -1 -1 -1 5 -1
59018 -1 -1 33 40 37 -1 13 -1 28 -1 21 -1 -1 -1 11 -1 -1 -1 -1 -1 0 12 -1 34 3 31 5 -1 1 22 32 -1 7 -1 38 -1 4 23 9 6 20 14 -1 -1 -1 39 26 16 -1 30 -1 -1 -1 18 24 -1 -1 -1 35 -1
59355 -1 -1 33 40 37 -1 13 -1 28 -1 21 -1 -1 -1 11 -1 -1 -1 -1 -1 7 12 -1 14 3 41 5 -1 1 0 22 -1 31 -1 38 -1 32 23 9 6 20 4 -1 -1 -1 39 26 16 -1 30 -1 -1 -1 18 24 -1 34 -1 35 -1
60654 -1 -1 37 21 23 -1 3 -1 41 -1 38 -1 -1 -1 11 -1 -1 -1 -1 -1 0 12 -1 34 40 31 35 -1 1 22 32 -1 7 -1 24 -1 4 9 42 6 20 14 -1 -1 -1 39 26 16 -1 30 -1 -1 -1 18 33 28 5 -1 13 -1
60791 -1 -1 37 21 23 -1 13 -1 41 -1 38 -1 -1 -1 11 -1 -1 -1 -1 -1 7 12 -1 14 40 31 5 -1 1 0 22 -1 43 -1 24 -1 32 9 42 6 20 4 -1 -1 -1 39 26 16 3 30 -1 -1 -1 18 33 28 34 -1 35 -1
61641 -1 -1 37 21 23 -1 13 -1 41 -1 38 -1 -1 -1 11 -1 -1 -1 34 -1 44 12 -1 4 40 31 5 -1 1 7 0 -1 43 -1 24 -1 22 9 42 6 20 32 -1 -1 -1 39 26 16 3 30 -1 -1 -1 18 33 28 14 -1 35 -1
61641 -1 -1 37 21 23 -1 13 -1 41 -1 38 -1 -1 -1 11 -1 -1 -1 34 -1 44 12 -1 4 40 31 5 -1 1 7 0 -1 43 -1 24 -1 22 9 42 6 20 32 -1 -1 -1 39 26 16 3 30 -1 -1 -1 18 33 28 14 -1 35 -1
62204 -1 -1 37 38 23 -1 3 -1 31 -1 24 -1 -1 -1 28 -1 -1 -1 5 -1 7 11 -1 14 21 43 35 -1 1 0 22 -1 44 -1 33 -1 32 9 42 6 20 4 -1 -1 -1 39 26 16 40 30 -1 -1 -1 18 46 41 34 -1 13 -1
62204 -1 -1 37 38 23 -1 3 -1 31 -1 24 -1 -1 -1 28 -1 -1 -1 5 -1 7 11 -1 14 21 43 35 -1 1 0 22 -1 44 -1 33 -1 32 9 42 6 20 4 -1 -1 -1 39 26 16 40 30 -1 -1 -1 18 46 41 34 -1 13 -1
62204 -1 -1 37 38 23 -1 3 -1 31 -1 24 -1 -1 -1 28 -1 -1 -1 5 -1 7 11 -1 14 21 43 35 -1 1 0 22 -1 44 -1 33 -1 32 9 42 6 20 4 -1 -1 -1 39 26 16 40 30 -1 -1 -1 18 46 41 34 -1 13 -1
62204 -1 -1 37 38 23 -1 3 -1 31 -1 24 -1 -1 -1 28 -1 -1 -1 5 -1 7 11 -1 14 21 43 35 -1 1 0 22 -1 44 -1 33 -1 32 9 42 6 20 4 -1 -1 -1 39 26 16 40 30 -1 -1 -1 18 46 41 34 -1 13 -1
62439 -1 -1 37 38 23 -1 3 -1 43 -1 24 -1 -1 -1 41 -1 -1 -1 5 -1 0 11 -1 14 21 44 35 -1 1 22 50 -1 7 -1 33 -1 32 9 42 6 20 4 28 -1 -1 39 26 16 40 30 -1 -1 -1 18 46 31 34 -1 13 -1
63540 -1 11 23 24 9 -1 40 -1 44 -1 33 -1 -1 -1 31 -1 -1 -1 35 -1 22 28 -1 34 38 7 13 -1 1 50 32 -1 0 -1 46 -1 4 42 51 6 20 14 41 -1 -1 39 26 16 21 30 -1 -1 -1 18 37 43 5 -1 3 -1
64080 -1 11 23 24 9 -1 40 -1 44 -1 33 -1 -1 -1 31 -1 -1 -1 35 -1 22 28 -1 34 38 7 13 -1 52 50 32 -1 0 -1 46 -1 4 42 51 6 20 14 41 -1 -1 39 26 16 21 30 -1 -1 -1 18 37 43 5 -1 3 -1
64588 -1 11 23 24 9 -1 40 -1 44 -1 33 -1 53 -1 31 -1 -1 -1 35 -1 22 28 -1 34 38 7 13 -1 52 50 32 -1 0 -1 46 -1 4 42 51 6 20 14 41 -1 -1 39 26 16 21 30 -1 -1 -1 18 37 43 5 -1 3 -1
64588 -1 11 23 24 9 -1 40 -1 44 -1 33 -1 53 -1 31 -1 -1 -1 35 -1 22 28 -1 34 38 7 13 -1 52 50 32 -1 0 -1 46 -1 4 42 51 6 20 14 41 -1 -1 39 26 16 21 30 -1 -1 -1 18 37 43 5 -1 3 -1
65465 -1 28 23 24 9 -1 40 -1 7 -1 33 -1 41 -1 43 -1 -1 -1 13 -1 50 53 -1 5 38 0 55 -1 26 32 4 -1 22 -1 46 -1 14 42 51 52 20 34 31 -1 -1 39 16 11 21 30 -1 -1 -1 6 37 44 35 -1 3 -1
66274 -1 28 23 24 9 -1 40 -1 7 -1 33 -1 41 -1 43 -1 -1 -1 13 -1 50 53 -1 56 38 0 55 -1 26 32 4 -1 22 -1 46 -1 14 42 51 52 20 34 31 -1 -1 39 16 11 21 30 -1 -1 -1 6 37 44 35 -1 3 5
67239 -1 28 23 33 9 -1 21 -1 7 -1 57 -1 41 -1 43 -1 -1 -1 55 0 32 53 -1 5 24 22 3 -1 26 4 14 -1 50 -1 46 -1 34 42 51 52 20 56 31 -1 -1 39 16 11 38 30 -1 -1 -1 6 37 44 13 -1 40 35
67239 -1 28 23 33 9 -1 21 -1 7 -1 57 -1 41 -1 43 -1 -1 -1 55 0 32 53 -1 5 24 22 3 -1 26 4 14 -1 50 -1 46 -1 34 42 51 52 20 56 31 -1 -1 39 16 11 38 30 -1 -1 -1 6 37 44 13 -1 40 35
67420 -1 28 23 33 9 -1 21 -1 7 -1 57 -1 41 -1 43 -1 -1 -1 55 0 32 53 -1 5 24 22 3 -1 26 4 14 -1 50 59 46 -1 34 42 51 52 20 56 31 -1 -1 39 16 11 38 30 -1 -1 -1 6 37 44 13 -1 40 35
68220 -1 28 23 33 9 -1 38 -1 0 -1 57 -1 41 -1 44 -1 -1 31 3 22 4 53 -1 35 24 50 40 -1 26 14 34 -1 32 59 46 -1 56 42 51 52 20 5 43 -1 -1 39 16 11 60 30 -1 -1 -1 6 37 7 55 -1 21 13
68509 -1 61 23 33 9 -1 38 -1 0 -1 57 -1 53 -1 44 -1 -1 41 3 22 4 28 -1 35 24 50 40 -1 26 14 34 -1 32 59 46 -1 56 42 51 52 20 5 31 -1 -1 39 16 11 60 30 -1 -1 -1 6 37 7 55 -1 21 13
69285 -1 61 23 33 9 -1 38 -1 62 -1 57 -1 53 -1 44 -1 -1 41 3 22 4 28 -1 35 24 50 40 -1 26 14 34 -1 32 59 46 -1 56 42 51 52 20 5 31 -1 -1 39 16 11 60 30 -1 -1 -1 6 37 0 55 -1 21 13
69504 -1 28 23 33 9 -1 38 -1 22 -1 57 -1 41 -1 0 -1 -1 31 40 50 14 53 -1 13 24 32 63 -1 16 34 56 -1 4 59 46 -1 5 42 51 52 20 35 44 -1 -1 39 11 61 60 30 -1 -1 -1 6 37 62 3 -1 21 55
70234 -1 28 23 33 9 -1 38 -1 62 -1 57 -1 41 -1 44 -1 -1 64 40 22 4 53 -1 13 24 50 63 -1 16 14 34 -1 32 59 46 -1 56 42 51 52 5 35 31 -1 -1 39 11 61 60 30 -1 -1 -1 6 37 0 3 -1 21 55
70690 -1 65 23 33 9 -1 38 -1 62 -1 57 -1 41 -1 44 -1 -1 64 40 22 4 53 -1 13 24 50 63 -1 11 14 34 -1 32 59 46 -1 56 42 51 16 5 35 31 -1 -1 39 61 28 60 6 -1 -1 -1 52 37 0 3 -1 21 55
71112 61 65 23 33 9 -1 38 -1 62 -1 57 -1 41 -1 44 -1 -1 64 40 22 4 53 -1 13 24 50 63 -1 16 14 34 -1 32 59 46 -1 56 42 51 52 5 35 31 -1 -1 39 11 28 60 66 -1 -1 -1 6 37 0 3 -1 21 55
71612 61 65 23 57 9 -1 60 -1 62 -1 46 -1 41 -1 44 -1 -1 64 63 22 4 53 -1 13 33 50 21 -1 16 14 34 -1 32 59 67 -1 56 42 51 52 5 35 31 -1 40 39 11 28 24 66 -1 -1 -1 6 37 0 3 -1 38 55
72012 68 65 23 57 9 -1 60 -1 62 -1 46 61 41 -1 44 -1 -1 64 63 22 4 53 -1 13 33 50 21 -1 16 14 34 -1 32 59 67 -1 56 42 51 52 5 35 31 -1 40 39 11 28 24 66 -1 -1 -1 6 37 0 3 -1 38 55
72307 69 65 23 57 9 -1 60 -1 62 -1 46 68 41 -1 44 -1 -1 64 63 22 4 53 -1 13 33 50 21 -1 16 14 34 -1 32 59 67 -1 56 42 51 52 5 35 31 -1 40 39 11 28 24 66 61 -1 -1 6 37 0 3 -1 38 55
72752 11 28 23 57 9 -1 60 -1 0 -1 46 69 53 -1 31 -1 -1 41 63 62 32 65 -1 13 33 22 21 -1 52 4 34 -1 50 59 67 -1 56 42 51 6 5 35 64 -1 40 39 16 61 24 70 68 -1 14 66 37 44 3 -1 38 55
72752 11 28 23 57 9 -1 60 -1 0 -1 46 69 53 -1 31 -1 -1 41 63 62 32 65 -1 13 33 22 21 -1 52 4 34 -1 50 59 67 -1 56 42 51 6 5 35 64 -1 40 39 16 61 24 70 68 -1 14 66 37 44 3 -1 38 55
74070 69 65 72 46 9 -1 24 52 62 -1 67 68 41 -1 44 -1 -1 64 21 22 4 53 -1 55 57 50 38 -1 16 14 56 -1 32 59 37 -1 5 42 51 6 35 13 31 -1 63 39 11 28 33 70 61 -1 34 66 23 0 40 -1 60 3
74190 11 28 72 46 9 -1 24 52 0 -1 67 69 53 -1 31 -1 -1 41 21 62 32 65 -1 55 57 22 38 -1 16 4 34 -1 50 59 37 -1 56 42 51 6 5 35 64 13 63 39 73 61 33 70 68 -1 14 66 23 44 40 -1 60 3
74432 11 28 72 67 9 -1 33 52 0 -1 74 69 53 -1 31 -1 -1 41 38 62 4 65 -1 3 46 22 60 -1 16 14 56 -1 32 59 37 -1 5 42 51 6 35 13 64 55 21 39 73 61 57 70 68 -1 34 66 23 44 63 -1 24 40
75006 11 65 72 74 9 -1 57 52 62 -1 75 68 64 -1 44 -1 -1 41 60 22 14 53 -1 40 67 32 24 -1 16 34 5 -1 4 69 37 -1 35 42 51 6 13 55 31 3 38 39 73 28 46 70 61 -1 56 66 23 0 21 -1 33 63
75895 11 65 76 75 9 -1 46 52 22 -1 37 68 64 -1 0 -1 -1 31 24 32 34 53 -1 63 74 4 33 -1 16 56 35 -1 14 69 23 -1 13 42 51 6 55 3 44 40 60 39 73 28 67 70 61 -1 5 66 72 62 38 -1 57 21
76662 11 53 76 75 9 -1 46 52 32 -1 37 68 31 -1 62 61 -1 44 24 4 56 64 -1 21 74 14 33 -1 16 5 55 -1 34 69 23 -1 13 42 51 6 3 40 0 63 77 39 73 65 67 70 28 -1 35 66 72 22 60 -1 57 38
76662 11 53 76 75 9 -1 46 52 32 -1 37 68 31 -1 62 61 -1 44 24 4 56 64 -1 21 74 14 33 -1 16 5 55 -1 34 69 23 -1 13 42 51 6 3 40 0 63 77 39 73 65 67 70 28 -1 35 66 72 22 60 -1 57 38
77176 11 65 76 75 9 -1 46 52 22 -1 37 79 64 -1 0 68 -1 31 24 32 34 53 -1 21 74 4 33 -1 16 56 35 -1 14 69 23 -1 55 42 51 6 3 40 44 63 77 39 73 28 67 70 61 -1 5 66 72 62 60 -1 57 38
77539 11 65 76 75 9 -1 46 52 22 -1 37 79 64 -1 0 68 -1 31 24 32 34 53 -1 21 74 4 33 -1 16 56 35 -1 14 69 23 -1 55 42 51 6 3 80 44 40 77 39 73 28 67 70 61 -1 5 66 72 62 60 -1 57 38
77539 11 65 76 75 9 -1 46 52 22 -1 37 79 64 -1 0 68 -1 31 24 32 34 53 -1 21 74 4 33 -1 16 56 35 -1 14 69 23 -1 55 42 51 6 3 80 44 40 77 39 73 28 67 70 61 -1 5 66 72 62 60 -1 57 38
78287 11 65 76 75 9 -1 46 52 22 -1 37 79 64 -1 0 68 -1 31 24 4 56 53 32 82 74 14 33 -1 16 5 55 -1 34 69 23 -1 3 42 51 6 80 40 44 21 77 39 73 28 67 70 61 -1 35 66 72 62 60 -1 57 38
78574 69 53 76 75 9 -1 46 52 22 -1 37 68 83 -1 0 61 -1 31 24 4 56 64 32 82 74 14 33 -1 73 5 55 -1 34 79 23 -1 3 42 51 6 80 40 44 21 77 39 11 65 67 70 28 -1 35 66 72 62 60 -1 57 38
78787 69 53 76 75 9 -1 84 52 22 -1 37 68 83 -1 0 61 -1 31 33 4 56 64 32 38 74 14 57 -1 73 5 3 -1 34 79 23 -1 80 42 51 6 40 21 44 82 24 39 11 65 67 70 28 -1 55 66 72 62 77 -1 46 60
78787 69 53 76 75 9 -1 84 52 22 -1 37 68 83 -1 0 61 -1 31 33 4 56 64 32 38 74 14 57 -1 73 5 3 -1 34 79 23 -1 80 42 51 6 40 21 44 82 24 39 11 65 67 70 28 -1 55 66 72 62 77 -1 46 60
78911 69 64 76 75 9 -1 84 52 32 -1 37 68 31 -1 62 61 65 44 57 14 5 83 4 60 74 34 86 -1 73 55 80 -1 56 79 23 -1 40 42 51 6 21 82 0 38 33 39 11 53 67 70 28 -1 3 66 72 22 24 -1 46 77
78911 69 64 76 75 9 -1 84 52 32 -1 37 68 31 -1 62 61 65 44 57 14 5 83 4 60 74 34 86 -1 73 55 80 -1 56 79 23 -1 40 42 51 6 21 82 0 38 33 39 11 53 67 70 28 -1 3 66 72 22 24 -1 46 77
80215 79 83 9 37 42 -1 67 52 4 -1 23 61 44 -1 22 28 53 0 86 34 55 31 14 77 75 56 46 -1 11 3 40 -1 5 68 72 -1 21 51 88 6 82 38 62 60 57 39 69 64 74 70 65 -1 80 66 76 32 33 -1 84 24
80215 79 83 9 37 42 -1 67 52 4 -1 23 61 44 -1 22 28 53 0 86 34 55 31 14 77 75 56 46 -1 11 3 40 -1 5 68 72 -1 21 51 88 6 82 38 62 60 57 39 69 64 74 70 65 -1 80 66 76 32 33 -1 84 24
80348 79 31 9 37 42 -1 67 52 4 -1 23 28 90 -1 22 65 64 0 86 34 55 44 14 77 75 56 46 -1 11 3 40 -1 5 68 72 -1 21 51 88 6 82 38 62 60 57 39 69 83 74 70 53 -1 80 66 76 32 33 -1 84 24
80451 79 31 9 37 42 44 67 52 4 -1 23 28 0 -1 91 65 64 62 86 34 55 90 14 77 75 56 46 -1 11 3 40 -1 5 68 72 -1 21 51 88 6 82 38 22 60 57 39 69 83 74 70 53 -1 80 66 76 32 33 -1 84 24
81057 79 31 9 23 42 44 67 52 4 -1 72 28 0 -1 91 65 64 62 86 34 55 90 14 77 37 56 46 -1 11 3 40 -1 5 68 76 -1 21 51 88 6 82 38 22 60 57 39 69 83 75 70 53 -1 80 66 92 32 33 -1 84 24
81671 79 31 9 23 42 44 67 52 4 -1 72 28 0 -1 91 65 64 62 57 34 55 90 14 60 37 56 86 -1 11 3 40 -1 5 68 76 -1 21 51 88 6 82 93 22 38 33 39 69 83 75 70 53 -1 80 66 92 32 24 -1 84 77
82145 79 31 9 72 42 44 75 52 4 -1 76 28 0 -1 91 65 64 62 57 34 55 90 14 60 23 56 84 -1 11 3 40 -1 5 68 92 -1 21 51 88 6 82 93 22 38 33 39 69 83 37 70 53 -1 80 66 94 32 24 -1 67 77
83257 69 44 42 76 51 90 37 52 14 -1 92 65 62 -1 91 53 83 22 84 56 3 0 34 77 72 5 67 -1 11 80 21 68 55 28 94 -1 82 95 88 6 93 38 32 60 57 39 79 31 23 70 64 -1 40 66 9 4 33 -1 75 24
83621 96 44 42 76 51 90 37 52 14 -1 92 65 62 -1 91 53 83 22 84 56 3 0 34 77 72 5 67 -1 11 80 21 68 55 28 94 -1 82 95 88 6 93 38 32 60 57 39 79 31 23 70 64 -1 40 66 9 4 33 -1 75 24
84284 96 90 42 92 51 0 23 52 34 53 94 65 22 -1 91 64 31 32 67 5 80 62 56 24 76 55 75 -1 11 40 82 68 3 28 9 -1 93 95 88 6 38 60 4 77 84 39 79 44 72 70 83 -1 21 66 97 14 57 -1 37 33
84616 96 90 42 92 51 0 23 52 34 53 94 65 22 -1 91 64 31 32 67 5 80 62 56 77 76 55 75 -1 11 98 21 68 3 28 9 -1 82 95 88 6 93 38 4 60 57 39 79 44 72 70 83 -1 40 66 97 14 33 -1 37 24
84616 96 90 42 92 51 0 23 52 34 53 94 65 22 -1 91 64 31 32 67 5 80 62 56 77 76 55 75 -1 11 98 21 68 3 28 9 -1 82 95 88 6 93 38 4 60 57 39 79 44 72 70 83 -1 40 66 97 14 33 -1 37 24
84616 96 90 42 92 51 0 23 52 34 53 94 65 22 -1 91 64 31 32 67 5 80 62 56 77 76 55 75 -1 11 98 21 68 3 28 9 -1 82 95 88 6 93 38 4 60 57 39 79 44 72 70 83 -1 40 66 97 14 33 -1 37 24
85011 96 90 42 92 51 0 23 52 56 53 94 65 22 -1 91 64 31 4 67 55 98 62 5 24 76 3 75 -1 11 40 82 68 80 28 9 -1 93 95 88 6 38 60 14 77 101 39 79 44 72 70 83 -1 21 66 97 34 57 -1 37 33
85011 96 90 42 92 51 0 23 52 56 53 94 65 22 -1 91 64 31 4 67 55 98 62 5 24 76 3 75 -1 11 40 82 68 80 28 9 -1 93 95 88 6 38 60 14 77 101 39 79 44 72 70 83 -1 21 66 97 34 57 -1 37 33
85011 96 90 42 92 51 0 23 52 56 53 94 65 22 -1 91 64 31 4 67 55 98 62 5 24 76 3 75 -1 11 40 82 68 80 28 9 -1 93 95 88 6 38 60 14 77 101 39 79 44 72 70 83 -1 21 66 97 34 57 -1 37 33
85011 96 90 42 92 51 0 23 52 56 53 94 65 22 -1 91 64 31 4 67 55 98 62 5 24 76 3 75 -1 11 40 82 68 80 28 9 -1 93 95 88 6 38 60 14 77 101 39 79 44 72 70 83 -1 21 66 97 34 57 -1 37 33
85011 96 90 42 92 51 0 23 52 56 53 94 65 22 -1 91 64 31 4 67 55 98 62 5 24 76 3 75 -1 11 40 82 68 80 28 9 -1 93 95 88 6 38 60 14 77 101 39 79 44 72 70 83 -1 21 66 97 34 57 -1 37 33
85011 96 90 42 92 51 0 23 52 56 53 94 65 22 -1 91 64 31 4 67 55 98 62 5 24 76 3 75 -1 11 40 82 68 80 28 9 -1 93 95 88 6 38 60 14 77 101 39 79 44 72 70 83 -1 21 66 97 34 57 -1 37 33
85440 96 90 42 92 51 0 23 52 5 53 94 65 22 -1 34 64 31 4 67 55 98 62 107 24 76 3 75 -1 11 40 82 68 80 28 9 -1 93 95 88 6 60 38 14 77 101 39 79 44 72 70 83 -1 21 66 97 56 57 -1 37 33
85588 96 90 42 94 51 0 72 52 5 53 9 65 22 -1 34 64 31 4 75 55 98 62 107 33 92 3 37 -1 11 40 82 68 80 28 108 -1 93 95 88 6 60 77 14 24 67 39 79 44 76 70 83 -1 21 66 97 56 101 -1 23 57
85823 96 0 42 94 51 62 72 52 5 53 9 65 4 -1 56 64 44 14 75 3 40 22 55 57 92 80 37 -1 11 21 93 68 98 28 108 -1 60 95 88 6 77 24 34 33 67 39 79 90 76 70 83 31 82 66 97 107 109 -1 23 101
86084 96 90 42 94 51 0 72 52 107 53 9 65 22 -1 34 110 31 4 75 3 40 62 55 57 92 80 37 -1 11 21 93 68 98 28 108 -1 60 95 88 6 77 24 14 33 67 39 79 44 76 70 64 83 82 66 97 56 109 -1 23 101
86363 96 44 42 94 51 0 72 52 107 53 9 65 22 -1 34 110 111 4 75 3 40 62 55 57 92 80 37 -1 11 21 93 68 98 28 108 -1 60 95 88 6 77 24 14 33 67 39 79 31 76 70 64 83 82 66 97 56 109 -1 23 101
86891 96 44 42 112 51 0 76 52 107 53 9 65 22 -1 34 110 111 4 37 3 40 62 55 57 94 80 23 -1 11 21 93 68 98 28 108 -1 60 95 88 6 77 24 14 33 75 39 79 31 92 70 64 83 82 66 97 56 109 -1 72 101
87056 68 44 42 112 51 0 76 11 107 53 9 65 22 -1 34 110 111 4 37 3 40 62 55 57 94 80 23 -1 79 21 93 28 98 113 108 -1 60 95 88 52 77 24 14 33 75 39 96 31 92 70 64 83 82 66 97 56 109 -1 72 101
87056 68 44 42 112 51 0 76 11 107 53 9 65 22 -1 34 110 111 4 37 3 40 62 55 57 94 80 23 -1 79 21 93 28 98 113 108 -1 60 95 88 52 77 24 14 33 75 39 96 31 92 70 64 83 82 66 97 56 109 -1 72 101
87056 68 44 42 112 51 0 76 11 107 53 9 65 22 -1 34 110 111 4 37 3 40 62 55 57 94 80 23 -1 79 21 93 28 98 113 108 -1 60 95 88 52 77 24 14 33 75 39 96 31 92 70 64 83 82 66 97 56 109 -1 72 101
88156 68 0 116 9 51 62 92 11 55 110 108 65 4 -1 56 64 31 14 23 80 21 22 3 101 112 98 72 -1 79 82 60 28 40 113 97 -1 77 95 88 52 24 33 34 57 37 39 96 44 94 70 83 111 93 66 42 107 75 -1 76 109
88156 68 0 116 9 51 62 92 11 55 110 108 65 4 -1 56 64 31 14 23 80 21 22 3 101 112 98 72 -1 79 82 60 28 40 113 97 -1 77 95 88 52 24 33 34 57 37 39 96 44 94 70 83 111 93 66 42 107 75 -1 76 109
88156 68 0 116 9 51 62 92 11 55 110 108 65 4 -1 56 64 31 14 23 80 21 22 3 101 112 98 72 -1 79 82 60 28 40 113 97 -1 77 95 88 52 24 33 34 57 37 39 96 44 94 70 83 111 93 66 42 107 75 -1 76 109
88156 68 0 116 9 51 62 92 11 55 110 108 65 4 -1 56 64 31 14 23 80 21 22 3 101 112 98 72 -1 79 82 60 28 40 113 97 -1 77 95 88 52 24 33 34 57 37 39 96 44 94 70 83 111 93 66 42 107 75 -1 76 109
88275 68 62 116 9 51 22 92 11 3 110 108 65 14 -1 107 64 44 34 23 98 82 4 80 109 112 40 72 -1 79 93 77 28 21 113 97 -1 24 95 88 52 33 57 56 101 37 39 96 0 94 70 83 111 60 66 42 55 75 -1 76 120
88396 121 62 116 9 51 22 92 11 3 110 108 65 14 -1 107 64 44 34 23 98 82 4 80 109 112 40 72 -1 79 93 77 28 21 113 97 96 24 95 88 52 33 57 56 101 37 39 68 0 94 70 83 111 60 66 42 55 75 -1 76 120
89079 28 22 116 108 51 4 94 11 80 64 97 110 34 -1 55 83 0 56 72 40 93 14 98 120 9 21 76 -1 79 60 24 113 82 65 42 96 33 95 88 52 57 101 107 109 23 39 121 62 112 70 111 44 77 66 122 3 37 -1 92 75
89079 28 22 116 108 51 4 94 11 80 64 97 110 34 -1 55 83 0 56 72 40 93 14 98 120 9 21 76 -1 79 60 24 113 82 65 42 96 33 95 88 52 57 101 107 109 23 39 121 62 112 70 111 44 77 66 122 3 37 -1 92 75
89424 28 62 116 108 51 22 94 11 80 124 97 110 14 -1 55 64 44 56 72 40 93 4 98 120 9 21 76 -1 79 60 24 113 82 65 42 96 33 95 88 52 57 101 107 109 23 39 121 0 112 70 83 111 77 66 122 3 37 -1 92 75
89787 28 62 116 9 51 22 92 11 80 124 97 110 14 -1 55 64 44 56 23 40 93 4 98 120 112 21 72 -1 79 60 24 113 82 65 42 96 33 95 88 52 57 101 107 109 37 39 121 0 94 70 83 111 77 66 122 3 75 -1 76 125
89787 28 62 116 9 51 22 92 11 80 124 97 110 14 -1 55 64 44 56 23 40 93 4 98 120 112 21 72 -1 79 60 24 113 82 65 42 96 33 95 88 52 57 101 107 109 37 39 121 0 94 70 83 111 77 66 122 3 75 -1 76 125
89787 28 62 116 9 51 22 92 11 80 124 97 110 14 -1 55 64 44 56 23 40 93 4 98 120 112 21 72 -1 79 60 24 113 82 65 42 96 33 95 88 52 57 101 107 109 37 39 121 0 94 70 83 111 77 66 122 3 75 -1 76 125
89851 113 22 116 9 51 4 92 11 98 64 97 124 56 -1 3 83 0 107 23 40 93 14 128 120 112 21 72 -1 79 60 24 65 82 110 42 96 33 95 88 52 57 101 55 109 37 39 121 62 94 70 111 44 77 66 122 80 75 -1 76 125
89851 113 22 116 9 51 4 92 11 98 64 97 124 56 -1 3 83 0 107 23 40 93 14 128 120 112 21 72 -1 79 60 24 65 82 110 42 96 33 95 88 52 57 101 55 109 37 39 121 62 94 70 111 44 77 66 122 80 75 -1 76 125
89963 113 22 116 9 51 4 92 11 98 64 97 124 56 -1 3 83 0 107 23 40 93 14 128 120 112 21 72 70 79 60 24 65 82 110 42 96 33 95 88 130 57 101 55 109 37 39 121 62 94 66 111 44 77 52 122 80 75 -1 76 125
89963 113 22 116 9 51 4 92 11 98 64 97 124 56 -1 3 83 0 107 23 40 93 14 128 120 112 21 72 70 79 60 24 65 82 110 42 96 33 95 88 130 57 101 55 109 37 39 121 62 94 66 111 44 77 52 122 80 75 -1 76 125
89963 113 22 116 9 51 4 92 11 98 64 97 124 56 -1 3 83 0 107 23 40 93 14 128 120 112 21 72 70 79 60 24 65 82 110 42 96 33 95 88 130 57 101 55 109 37 39 121 62 94 66 111 44 77 52 122 80 75 -1 76 125
89963 113 22 116 9 51 4 92 11 98 64 97 124 56 -1 3 83 0 107 23 40 93 14 128 120 112 21 72 70 79 60 24 65 82 110 42 96 33 95 88 130 57 101 55 109 37 39 121 62 94 66 111 44 77 52 122 80 75 -1 76 125
89963 113 22 116 9 51 4 92 11 98 64 97 124 56 -1 3 83 0 107 23 40 93 14 128 120 112 21 72 70 79 60 24 65 82 110 42 96 33 95 88 130 57 101 55 109 37 39 121 62 94 66 111 44 77 52 122 80 75 -1 76 125
90206 113 22 116 9 51 4 92 11 98 64 97 124 56 -1 3 83 0 107 23 40 93 14 128 120 112 21 72 70 79 60 24 65 82 110 42 96 33 95 88 130 57 101 55 109 37 39 121 62 94 135 111 44 77 52 122 80 75 -1 76 125
90461 113 22 136 97 51 4 94 11 128 64 42 124 56 -1 3 83 0 107 72 21 60 14 40 125 9 82 76 70 79 77 33 65 93 110 122 96 57 95 88 130 101 109 55 120 23 39 121 62 112 135 111 44 24 52 116 98 37 -1 92 75
90461 113 22 136 97 51 4 94 11 128 64 42 124 56 -1 3 83 0 107 72 21 60 14 40 125 9 82 76 70 79 77 33 65 93 110 122 96 57 95 88 130 101 109 55 120 23 39 121 62 112 135 111 44 24 52 116 98 37 -1 92 75
90749 138 22 136 97 51 4 94 11 128 64 42 124 56 -1 3 83 0 107 72 21 60 14 40 125 9 82 76 70 79 77 33 113 93 110 122 96 57 95 88 130 101 109 55 120 23 39 121 62 112 135 111 44 24 52 116 98 37 -1 92 75
90749 138 22 136 97 51 4 94 11 128 64 42 124 56 -1 3 83 0 107 72 21 60 14 40 125 9 82 76 70 79 77 33 113 93 110 122 96 57 95 88 130 101 109 55 120 23 39 121 62 112 135 111 44 24 52 116 98 37 -1 92 75
90749 138 22 136 97 51 4 94 11 128 64 42 124 56 -1 3 83 0 107 72 21 60 14 40 125 9 82 76 70 79 77 33 113 93 110 122 96 57 95 88 130 101 109 55 120 23 39 121 62 112 135 111 44 24 52 116 98 37 -1 92 75
91362 138 4 136 141 51 14 112 11 40 64 42 124 107 -1 98 111 62 55 76 82 77 56 21 75 97 93 92 70 79 24 57 113 60 110 122 96 101 95 88 130 109 120 3 125 72 39 121 22 9 135 44 0 33 52 116 128 23 -1 94 37
91362 138 4 136 141 51 14 112 11 40 64 42 124 107 -1 98 111 62 55 76 82 77 56 21 75 97 93 92 70 79 24 57 113 60 110 122 96 101 95 88 130 109 120 3 125 72 39 121 22 9 135 44 0 33 52 116 128 23 -1 94 37
91362 138 4 136 141 51 14 112 11 40 64 42 124 107 -1 98 111 62 55 76 82 77 56 21 75 97 93 92 70 79 24 57 113 60 110 122 96 101 95 88 130 109 120 3 125 72 39 121 22 9 135 44 0 33 52 116 128 23 -1 94 37
91362 138 4 136 141 51 14 112 11 40 64 42 124 107 -1 98 111 62 55 76 82 77 56 21 75 97 93 92 70 79 24 57 113 60 110 122 96 101 95 88 130 109 120 3 125 72 39 121 22 9 135 44 0 33 52 116 128 23 -1 94 37
91371 121 4 136 141 51 14 112 130 40 124 42 110 107 -1 98 64 0 55 76 82 77 56 21 75 97 93 92 70 11 24 57 138 60 113 122 79 101 95 88 145 109 120 3 125 72 39 96 62 9 135 111 44 33 52 116 128 23 -1 94 37
91371 121 4 136 141 51 14 112 130 40 124 42 110 107 -1 98 64 0 55 76 82 77 56 21 75 97 93 92 70 11 24 57 138 60 113 122 79 101 95 88 145 109 120 3 125 72 39 96 62 9 135 111 44 33 52 116 128 23 -1 94 37
91371 121 4 136 141 51 14 112 130 40 124 42 110 107 -1 98 64 0 55 76 82 77 56 21 75 97 93 92 70 11 24 57 138 60 113 122 79 101 95 88 145 109 120 3 125 72 39 96 62 9 135 111 44 33 52 116 128 23 -1 94 37
91371 121 4 136 141 51 14 112 130 40 124 42 110 107 -1 98 64 0 55 76 82 77 56 21 75 97 93 92 70 11 24 57 138 60 113 122 79 101 95 88 145 109 120 3 125 72 39 96 62 9 135 111 44 33 52 116 128 23 -1 94 37
91371 121 4 136 141 51 14 112 130 40 124 42 110 107 -1 98 64 0 55 76 82 77 56 21 75 97 93 92 70 11 24 57 138 60 113 122 79 101 95 88 145 109 120 3 125 72 39 96 62 9 135 111 44 33 52 116 128 23 -1 94 37
