15670 -1 -1 -1 -1 -1 -1 -1 -1 -1 -1 -1 -1 -1 -1 -1 -1 -1 -1 -1 -1 -1 -1 -1 -1 -1 -1 -1 -1 -1
17869 -1 -1 -1 -1 -1 -1 0 -1 -1 -1 -1 -1 -1 -1 -1 -1 -1 -1 -1 -1 -1 -1 -1 -1 -1 -1 -1 -1 -1
18890 -1 -1 -1 -1 -1 -1 0 -1 -1 -1 -1 -1 -1 -1 -1 -1 -1 -1 -1 -1 -1 -1 1 -1 -1 -1 -1 -1 -1
19349 -1 -1 -1 -1 -1 -1 0 -1 -1 -1 -1 -1 -1 -1 -1 -1 2 -1 -1 -1 -1 -1 1 -1 -1 -1 -1 -1 -1
19864 -1 -1 -1 -1 -1 -1 1 -1 -1 -1 -1 -1 -1 -1 0 -1 2 -1 -1 -1 -1 -1 3 -1 -1 -1 -1 -1 -1
19864 -1 -1 -1 -1 -1 -1 1 -1 -1 -1 -1 -1 -1 -1 0 -1 2 -1 -1 -1 -1 -1 3 -1 -1 -1 -1 -1 -1
19946 -1 -1 -1 -1 2 -1 1 -1 -1 -1 -1 -1 -1 -1 0 -1 5 -1 -1 -1 -1 -1 3 -1 -1 -1 -1 -1 -1
20029 -1 -1 5 -1 6 -1 1 -1 -1 -1 -1 -1 -1 -1 0 -1 2 -1 -1 -1 -1 -1 3 -1 -1 -1 -1 -1 -1
20453 -1 -1 5 -1 6 -1 1 7 -1 -1 -1 -1 -1 -1 0 -1 2 -1 -1 -1 -1 -1 3 -1 -1 -1 -1 -1 -1
20855 -1 -1 2 -1 6 -1 1 7 -1 -1 -1 -1 -1 -1 0 -1 8 -1 -1 -1 -1 -1 3 -1 -1 -1 -1 -1 5
21528 -1 -1 2 -1 6 -1 9 7 -1 -1 -1 -1 1 -1 0 -1 8 -1 -1 -1 -1 -1 3 -1 -1 -1 -1 -1 5
21647 -1 -1 8 -1 6 -1 9 7 -1 -1 -1 -1 1 -1 0 -1 10 -1 -1 -1 -1 -1 3 -1 -1 -1 -1 -1 2
22988 -1 -1 8 -1 3 -1 11 7 -1 -1 -1 -1 1 -1 0 -1 10 -1 -1 -1 -1 -1 9 -1 -1 -1 -1 -1 2
22988 -1 -1 8 -1 3 -1 11 7 -1 -1 -1 -1 1 -1 0 -1 10 -1 -1 -1 -1 -1 9 -1 -1 -1 -1 -1 2
23128 -1 -1 8 -1 3 -1 11 7 -1 -1 13 -1 1 -1 0 -1 10 -1 -1 -1 -1 -1 9 -1 -1 -1 -1 -1 2
24282 -1 -1 8 -1 3 -1 11 7 -1 -1 13 -1 14 1 0 -1 10 -1 -1 -1 -1 -1 9 -1 -1 -1 -1 -1 2
24774 -1 -1 8 -1 3 -1 1 7 -1 9 13 -1 14 15 0 -1 10 -1 -1 -1 -1 -1 11 -1 -1 -1 -1 -1 2
25220 -1 -1 16 -1 3 -1 1 7 -1 9 13 -1 14 15 0 -1 10 -1 -1 -1 8 -1 11 -1 -1 -1 -1 -1 2
25220 -1 -1 16 -1 3 -1 1 7 -1 9 13 -1 14 15 0 -1 10 -1 -1 -1 8 -1 11 -1 -1 -1 -1 -1 2
25655 -1 -1 16 -1 13 -1 1 7 -1 9 18 -1 14 15 0 -1 3 -1 -1 -1 8 -1 11 -1 -1 -1 -1 -1 2
25655 -1 -1 16 -1 13 -1 1 7 -1 9 18 -1 14 15 0 -1 3 -1 -1 -1 8 -1 11 -1 -1 -1 -1 -1 2
26688 -1 -1 16 -1 13 -1 15 7 9 11 18 -1 0 14 20 -1 3 -1 -1 -1 8 -1 1 -1 -1 -1 -1 -1 2
28527 -1 -1 16 -1 13 -1 14 7 9 11 18 -1 20 0 21 -1 3 -1 -1 -1 8 -1 15 -1 -1 -1 1 -1 2
29355 -1 -1 16 -1 18 -1 14 7 9 11 22 -1 20 0 21 -1 3 -1 -1 -1 8 -1 15 -1 -1 -1 1 -1 2
30154 -1 -1 16 -1 22 -1 14 7 9 11 23 -1 20 0 21 8 18 -1 -1 -1 3 -1 15 -1 -1 -1 1 -1 2
30216 -1 -1 16 -1 22 -1 14 7 9 11 23 24 20 0 21 8 18 -1 -1 -1 3 -1 15 -1 -1 -1 1 -1 2
30586 -1 -1 16 -1 22 3 14 7 9 11 23 24 20 0 21 8 18 -1 -1 -1 25 -1 15 -1 -1 -1 1 -1 2
30586 -1 -1 16 -1 22 3 14 7 9 11 23 24 20 0 21 8 18 -1 -1 -1 25 -1 15 -1 -1 -1 1 -1 2
31415 -1 -1 16 -1 23 18 14 7 11 27 9 24 20 0 21 8 22 -1 -1 -1 25 -1 15 -1 -1 -1 1 -1 2
31448 -1 -1 16 -1 28 18 14 7 27 9 11 22 20 0 21 8 23 -1 -1 -1 25 -1 15 -1 -1 -1 1 -1 2
31898 -1 -1 16 -1 28 18 14 7 27 9 11 22 20 0 21 8 23 -1 -1 -1 25 -1 15 -1 29 -1 1 -1 2
32456 -1 -1 16 -1 28 18 0 7 27 1 11 22 20 30 21 8 23 -1 -1 -1 25 -1 14 -1 29 -1 15 -1 2
32668 -1 -1 16 -1 28 18 0 7 27 1 11 22 20 30 21 31 23 -1 -1 -1 25 -1 14 -1 29 -1 15 -1 8
32668 -1 -1 16 -1 28 18 0 7 27 1 11 22 20 30 21 31 23 -1 -1 -1 25 -1 14 -1 29 -1 15 -1 8
32808 33 -1 16 -1 28 18 0 7 27 1 11 22 20 30 21 31 23 -1 -1 -1 25 -1 14 -1 29 -1 15 -1 8
33466 33 -1 16 -1 28 18 0 7 27 34 11 22 20 30 21 31 23 -1 -1 -1 25 -1 14 1 29 -1 15 -1 8
34262 33 -1 16 -1 11 18 0 7 1 35 27 22 20 30 21 31 23 -1 -1 -1 25 -1 14 34 29 -1 15 -1 8
35406 33 -1 16 -1 11 18 30 7 1 35 27 22 36 20 21 31 23 -1 -1 -1 25 -1 0 34 29 -1 14 -1 8
35406 33 -1 16 -1 11 18 30 7 1 35 27 22 36 20 21 31 23 -1 -1 -1 25 -1 0 34 29 -1 14 -1 8
36168 33 -1 16 -1 38 18 30 7 27 35 11 22 36 20 21 31 23 -1 -1 -1 25 -1 0 34 29 -1 14 -1 8
36823 33 35 16 -1 38 18 30 7 27 14 11 22 36 20 21 31 23 -1 -1 -1 25 -1 0 34 29 -1 39 -1 8
36823 33 35 16 -1 38 18 30 7 27 14 11 22 36 20 21 31 23 -1 -1 -1 25 -1 0 34 29 -1 39 -1 8
37038 33 14 16 -1 11 18 30 7 34 39 27 23 36 20 21 31 38 -1 -1 22 25 -1 0 35 29 -1 41 -1 8
37643 33 14 16 -1 11 42 30 22 34 39 27 23 36 20 21 31 38 -1 -1 18 25 -1 0 35 29 -1 41 -1 8
37652 33 14 18 -1 11 43 30 22 34 39 27 23 36 20 21 31 38 -1 -1 42 25 -1 0 35 29 -1 41 -1 8
37652 33 14 18 -1 11 43 30 22 34 39 27 23 36 20 21 31 38 -1 -1 42 25 -1 0 35 29 -1 41 -1 8
37652 33 14 18 -1 11 43 30 22 34 39 27 23 36 20 21 31 38 -1 -1 42 25 -1 0 35 29 -1 41 -1 8
37665 33 14 22 -1 27 42 30 23 34 39 46 38 36 20 21 31 11 -1 -1 18 25 -1 0 35 29 -1 41 -1 8
37875 33 14 47 -1 11 42 30 22 34 39 27 23 36 20 21 31 38 -1 -1 18 25 -1 0 35 29 -1 41 -1 8
38017 33 14 22 -1 27 42 30 23 34 39 48 38 36 20 21 31 11 -1 -1 47 25 -1 0 35 29 -1 41 -1 8
38602 33 14 23 -1 27 47 30 38 34 39 48 49 36 20 21 25 11 -1 -1 22 42 -1 0 35 29 -1 41 -1 31
38833 33 39 38 -1 34 47 30 49 35 50 48 11 36 20 21 25 27 -1 -1 22 42 23 0 14 29 -1 41 -1 31
38845 33 39 38 -1 34 22 30 49 35 50 48 11 36 20 21 42 27 -1 -1 23 47 51 0 14 29 -1 41 31 25
38926 33 39 38 -1 34 22 30 49 35 50 48 11 36 20 21 42 27 -1 -1 23 47 51 0 14 29 -1 52 31 25
39549 33 50 49 -1 35 22 20 11 14 52 48 27 53 36 21 42 34 -1 -1 23 47 38 30 39 29 -1 0 31 25
40093 33 50 49 -1 34 22 20 54 14 52 35 11 53 36 21 42 27 -1 -1 23 47 38 30 39 29 -1 0 31 25
40093 33 50 49 -1 34 22 20 54 14 52 35 11 53 36 21 42 27 -1 -1 23 47 38 30 39 29 -1 0 31 25
40137 33 56 54 47 35 23 20 11 39 52 14 27 53 36 21 42 34 -1 -1 38 22 49 30 50 29 -1 0 31 25
40603 33 50 54 47 35 23 20 11 14 56 57 27 53 36 21 42 34 -1 -1 38 22 49 30 39 29 -1 0 31 25
40841 33 39 49 47 34 23 20 54 57 50 35 11 53 36 21 42 27 -1 -1 58 22 38 30 14 29 -1 0 31 25
40841 33 39 49 47 34 23 20 54 57 50 35 11 53 36 21 42 27 -1 -1 58 22 38 30 14 29 -1 0 31 25
40874 33 39 49 47 34 23 20 54 57 50 35 11 53 36 21 42 27 -1 -1 58 22 38 30 14 29 -1 0 25 60
40874 33 39 49 47 34 23 20 54 57 50 35 11 53 36 21 42 27 -1 -1 58 22 38 30 14 29 -1 0 25 60
41032 33 39 54 22 34 58 20 11 57 50 35 27 53 36 21 42 62 -1 -1 38 23 49 30 14 29 -1 0 25 60
41032 33 39 54 22 34 58 20 11 57 50 35 27 53 36 21 42 62 -1 -1 38 23 49 30 14 29 -1 0 25 60
41129 33 39 54 22 34 58 20 11 57 50 35 27 53 36 21 42 62 -1 -1 38 23 49 30 14 29 -1 0 25 64
41129 33 39 54 22 34 58 20 11 57 50 35 27 53 36 21 42 62 -1 -1 38 23 49 30 14 29 -1 0 25 64
41129 33 39 54 22 34 58 20 11 57 50 35 27 53 36 21 42 62 -1 -1 38 23 49 30 14 29 -1 0 25 64
41431 33 39 54 22 34 58 20 11 57 50 35 27 53 36 21 42 62 -1 -1 38 23 49 30 14 29 -1 0 64 67
41560 33 14 49 42 62 23 20 54 35 39 34 11 53 36 21 67 27 -1 -1 58 22 38 30 57 29 -1 0 68 64
41560 33 14 49 42 62 23 20 54 35 39 34 11 53 36 21 67 27 -1 -1 58 22 38 30 57 29 -1 0 68 64
41560 33 14 49 42 62 23 20 54 35 39 34 11 53 36 21 67 27 -1 -1 58 22 38 30 57 29 -1 0 68 64
41560 33 14 49 42 62 23 20 54 35 39 34 11 53 36 21 67 27 -1 -1 58 22 38 30 57 29 -1 0 68 64
42399 33 39 54 42 34 58 20 11 57 0 35 27 53 36 21 67 62 -1 23 38 22 49 72 14 29 -1 30 68 64
42955 33 39 54 42 34 58 20 11 57 0 35 27 53 36 21 67 62 -1 23 38 22 49 72 14 29 -1 73 68 64
42955 33 39 54 42 34 58 20 11 57 0 35 27 53 36 21 67 62 -1 23 38 22 49 72 14 29 -1 73 68 64
43590 33 75 11 22 35 38 20 27 14 0 57 62 53 36 21 42 34 -1 58 49 23 54 72 39 29 -1 73 68 67
