-2121 -1 -1 -1 -1 -1 -1 -1 -1 -1 -1 -1 -1 -1 -1 -1 -1 -1 -1 -1 -1 -1 -1 -1 -1 -1 -1 -1 -1 -1 -1 -1 -1 -1 -1 -1 -1 -1 -1 -1 -1 -1
-68 -1 -1 0 -1 -1 -1 -1 -1 -1 -1 -1 -1 -1 -1 -1 -1 -1 -1 -1 -1 -1 -1 -1 -1 -1 -1 -1 -1 -1 -1 -1 -1 -1 -1 -1 -1 -1 -1 -1 -1 -1
320 -1 -1 0 -1 -1 -1 -1 -1 -1 -1 -1 -1 -1 -1 -1 -1 -1 -1 -1 -1 -1 -1 -1 -1 -1 1 -1 -1 -1 -1 -1 -1 -1 -1 -1 -1 -1 -1 -1 -1 -1
2460 -1 -1 0 -1 -1 -1 -1 -1 -1 -1 -1 -1 -1 -1 -1 -1 -1 -1 2 -1 -1 -1 -1 -1 -1 1 -1 -1 -1 -1 -1 -1 -1 -1 -1 -1 -1 -1 -1 -1 -1
4152 -1 -1 0 -1 -1 -1 -1 -1 -1 -1 -1 -1 -1 -1 -1 -1 -1 -1 2 -1 -1 -1 -1 -1 -1 1 -1 -1 -1 -1 -1 -1 -1 -1 -1 -1 -1 -1 3 -1 -1
5812 -1 -1 0 -1 -1 -1 -1 -1 -1 -1 -1 -1 -1 -1 -1 -1 -1 -1 2 -1 -1 -1 -1 -1 -1 4 -1 -1 -1 -1 -1 -1 -1 -1 -1 -1 -1 -1 3 -1 1
7346 -1 -1 0 -1 -1 -1 5 -1 -1 -1 -1 -1 -1 -1 -1 -1 -1 -1 2 -1 -1 -1 -1 -1 -1 4 -1 -1 -1 -1 -1 -1 -1 -1 -1 -1 -1 -1 3 -1 1
9172 -1 -1 0 -1 -1 -1 5 -1 -1 -1 -1 -1 -1 -1 -1 -1 -1 3 2 -1 -1 -1 -1 -1 -1 6 -1 -1 -1 -1 -1 -1 -1 -1 -1 -1 -1 -1 1 -1 4
9542 -1 -1 7 -1 -1 1 5 -1 -1 -1 -1 -1 -1 -1 -1 -1 -1 0 2 -1 -1 -1 -1 -1 -1 6 -1 -1 -1 -1 -1 -1 -1 -1 -1 -1 -1 -1 3 -1 4
10383 -1 -1 7 -1 -1 1 5 -1 -1 -1 -1 -1 -1 -1 -1 -1 -1 0 2 -1 -1 -1 -1 -1 -1 8 -1 -1 -1 -1 -1 -1 -1 -1 -1 6 -1 -1 3 -1 4
11969 -1 -1 7 -1 -1 9 5 -1 -1 -1 -1 -1 -1 -1 -1 -1 -1 3 2 0 -1 -1 -1 -1 -1 8 -1 -1 -1 -1 -1 -1 -1 -1 -1 6 -1 -1 1 -1 4
13823 2 -1 7 -1 -1 9 5 -1 -1 -1 -1 -1 -1 -1 -1 -1 -1 3 10 0 -1 -1 -1 -1 -1 8 -1 -1 -1 -1 -1 -1 -1 -1 -1 6 -1 -1 1 -1 4
14480 2 -1 7 -1 -1 9 5 -1 -1 -1 -1 -1 -1 -1 -1 -1 -1 3 10 0 -1 -1 -1 -1 11 8 -1 -1 -1 -1 -1 -1 -1 -1 -1 6 -1 -1 1 -1 4
15429 2 -1 7 -1 -1 1 5 -1 -1 -1 -1 -1 -1 -1 -1 -1 -1 0 10 12 -1 -1 6 -1 3 8 -1 -1 -1 -1 -1 -1 -1 -1 -1 4 -1 -1 11 -1 9
17038 2 -1 13 -1 -1 1 5 -1 -1 -1 -1 -1 -1 -1 -1 -1 -1 0 10 12 -1 -1 6 -1 3 8 -1 -1 -1 -1 -1 -1 -1 -1 -1 4 -1 -1 11 -1 9
17936 2 -1 13 -1 -1 1 5 -1 -1 -1 -1 -1 -1 -1 -1 -1 -1 0 10 12 -1 -1 6 -1 3 8 -1 -1 14 -1 -1 -1 -1 -1 -1 4 -1 -1 11 -1 9
17936 2 -1 13 -1 -1 1 5 -1 -1 -1 -1 -1 -1 -1 -1 -1 -1 0 10 12 -1 -1 6 -1 3 8 -1 -1 14 -1 -1 -1 -1 -1 -1 4 -1 -1 11 -1 9
17946 2 -1 13 -1 -1 9 5 -1 -1 -1 -1 -1 -1 -1 -1 -1 -1 0 10 12 -1 -1 6 -1 3 8 -1 -1 14 -1 -1 -1 -1 -1 -1 4 -1 -1 11 -1 16
18606 2 -1 13 -1 -1 9 5 -1 -1 -1 -1 -1 -1 -1 -1 -1 -1 0 10 12 -1 -1 8 -1 3 17 -1 -1 14 -1 -1 -1 -1 -1 -1 6 -1 -1 11 -1 4
18606 2 -1 13 -1 -1 9 5 -1 -1 -1 -1 -1 -1 -1 -1 -1 -1 0 10 12 -1 -1 8 -1 3 17 -1 -1 14 -1 -1 -1 -1 -1 -1 6 -1 -1 11 -1 4
19765 19 -1 2 -1 -1 9 5 -1 -1 -1 -1 13 -1 -1 -1 -1 -1 0 10 12 -1 -1 8 -1 3 17 -1 -1 14 -1 -1 -1 -1 -1 -1 6 -1 -1 11 -1 4
19870 19 -1 2 -1 -1 9 14 -1 -1 -1 -1 20 -1 -1 -1 -1 -1 13 10 12 -1 -1 8 -1 3 17 -1 -1 5 -1 -1 -1 -1 -1 -1 6 -1 0 11 -1 4
19870 19 -1 2 -1 -1 9 14 -1 -1 -1 -1 20 -1 -1 -1 -1 -1 13 10 12 -1 -1 8 -1 3 17 -1 -1 5 -1 -1 -1 -1 -1 -1 6 -1 0 11 -1 4
20126 19 -1 2 -1 -1 9 5 -1 -1 -1 -1 20 -1 -1 -1 -1 -1 13 10 12 0 -1 8 -1 3 17 -1 -1 14 -1 -1 -1 -1 -1 -1 6 -1 22 11 -1 4
20363 19 -1 2 -1 -1 9 5 -1 -1 -1 -1 20 -1 -1 -1 -1 -1 13 10 12 0 -1 17 -1 3 23 -1 -1 14 -1 -1 -1 -1 -1 4 8 -1 22 11 -1 6
21506 19 -1 2 -1 -1 9 5 -1 -1 -1 -1 24 -1 3 -1 -1 -1 20 10 12 13 -1 17 -1 22 23 -1 -1 14 -1 -1 -1 -1 -1 4 8 -1 0 11 -1 6
21506 19 -1 2 -1 -1 9 5 -1 -1 -1 -1 24 -1 3 -1 -1 -1 20 10 12 13 -1 17 -1 22 23 -1 -1 14 -1 -1 -1 -1 -1 4 8 -1 0 11 -1 6
22943 10 -1 19 -1 -1 9 26 -1 -1 -1 -1 2 -1 3 -1 -1 -1 24 5 12 13 -1 17 -1 22 23 -1 -1 14 -1 -1 -1 -1 -1 4 8 -1 0 11 -1 6
22943 10 -1 19 -1 -1 9 26 -1 -1 -1 -1 2 -1 3 -1 -1 -1 24 5 12 13 -1 17 -1 22 23 -1 -1 14 -1 -1 -1 -1 -1 4 8 -1 0 11 -1 6
23303 10 -1 19 -1 -1 9 26 -1 -1 -1 -1 2 -1 3 -1 -1 -1 24 5 12 13 -1 17 -1 22 23 -1 -1 14 -1 -1 -1 -1 -1 4 8 28 0 11 -1 6
24402 10 -1 2 -1 -1 9 26 -1 -1 -1 -1 24 -1 3 -1 -1 -1 29 5 12 13 -1 17 -1 22 23 -1 -1 14 -1 -1 -1 -1 -1 4 8 28 0 11 19 6
24402 10 -1 2 -1 -1 9 26 -1 -1 -1 -1 24 -1 3 -1 -1 -1 29 5 12 13 -1 17 -1 22 23 -1 -1 14 -1 -1 -1 -1 -1 4 8 28 0 11 19 6
24934 10 -1 2 -1 -1 9 26 -1 -1 -1 -1 24 -1 3 -1 -1 31 29 5 12 13 -1 17 -1 22 23 -1 -1 14 -1 -1 -1 -1 -1 4 8 28 0 11 19 6
24934 10 -1 2 -1 -1 9 26 -1 -1 -1 -1 24 -1 3 -1 -1 31 29 5 12 13 -1 17 -1 22 23 -1 -1 14 -1 -1 -1 -1 -1 4 8 28 0 11 19 6
24934 10 -1 2 -1 -1 9 26 -1 -1 -1 -1 24 -1 3 -1 -1 31 29 5 12 13 -1 17 -1 22 23 -1 -1 14 -1 -1 -1 -1 -1 4 8 28 0 11 19 6
26105 10 -1 2 -1 -1 9 26 -1 -1 -1 -1 24 -1 11 -1 -1 31 29 5 12 13 -1 17 -1 3 23 -1 22 14 -1 -1 -1 -1 -1 4 8 28 0 34 19 6
27760 10 -1 35 -1 -1 9 26 -1 -1 -1 -1 24 -1 11 -1 -1 31 29 5 12 13 19 17 -1 3 23 -1 22 14 -1 -1 -1 -1 -1 4 8 28 0 34 2 6
27778 10 -1 35 -1 -1 9 26 -1 -1 -1 -1 24 -1 11 -1 -1 31 29 5 12 13 19 8 -1 3 23 -1 22 14 -1 -1 17 -1 -1 36 6 28 0 34 2 4
28864 10 -1 35 -1 -1 37 26 -1 -1 -1 -1 24 -1 11 -1 -1 31 29 5 12 13 19 8 -1 3 23 -1 22 14 -1 -1 17 -1 -1 9 6 28 0 34 2 4
29985 10 -1 35 -1 -1 37 26 -1 -1 -1 -1 24 -1 11 -1 38 31 29 5 12 13 19 8 -1 3 23 -1 22 14 -1 -1 17 -1 -1 9 6 28 0 34 2 4
30426 10 -1 35 -1 -1 37 26 -1 -1 -1 -1 24 -1 11 39 38 31 29 5 12 13 19 8 -1 3 23 -1 22 14 -1 -1 17 -1 -1 9 6 28 0 34 2 4
30782 10 -1 35 -1 -1 37 26 -1 38 -1 -1 24 -1 3 39 34 31 29 5 12 13 19 8 -1 40 23 -1 22 14 -1 -1 17 -1 -1 9 6 28 0 11 2 4
31050 10 -1 35 -1 -1 37 26 -1 38 -1 -1 24 -1 3 39 34 31 29 5 12 13 19 41 -1 40 23 -1 22 14 -1 -1 17 -1 -1 9 6 28 0 11 2 4
31050 10 -1 35 -1 -1 37 26 -1 38 -1 -1 24 -1 3 39 34 31 29 5 12 13 19 41 -1 40 23 -1 22 14 -1 -1 17 -1 -1 9 6 28 0 11 2 4
31978 10 -1 35 -1 -1 9 26 -1 37 -1 -1 24 -1 11 39 38 31 29 5 12 13 19 41 -1 3 23 -1 40 14 -1 -1 17 -1 -1 43 6 28 0 34 2 4
32698 10 -1 35 -1 -1 9 26 -1 38 -1 -1 24 -1 3 39 34 31 29 5 12 13 19 41 -1 40 23 -1 44 14 -1 37 17 -1 -1 43 6 28 0 11 2 4
32698 10 -1 35 -1 -1 9 26 -1 38 -1 -1 24 -1 3 39 34 31 29 5 12 13 19 41 -1 40 23 -1 44 14 -1 37 17 -1 -1 43 6 28 0 11 2 4
34532 10 -1 35 -1 -1 9 26 -1 38 -1 -1 24 -1 3 39 34 31 29 5 12 13 19 41 -1 40 46 -1 44 14 -1 37 23 -1 -1 43 6 28 0 11 2 4
34797 10 -1 35 -1 -1 9 26 -1 38 -1 -1 24 -1 3 39 34 31 29 5 12 13 19 41 -1 40 46 -1 44 14 -1 47 23 37 -1 43 6 28 0 11 2 4
35477 10 -1 35 -1 -1 9 26 -1 38 -1 -1 24 -1 3 39 34 31 29 5 12 13 19 41 48 40 46 -1 44 14 -1 47 23 37 -1 43 6 28 0 11 2 4
36726 10 -1 35 -1 -1 9 26 -1 38 -1 -1 24 -1 3 39 34 31 29 5 12 13 19 49 48 40 46 -1 44 14 -1 47 41 37 -1 43 6 28 0 11 2 4
36726 10 -1 35 -1 -1 9 26 -1 38 -1 -1 24 -1 3 39 34 31 29 5 12 13 19 49 48 40 46 -1 44 14 -1 47 41 37 -1 43 6 28 0 11 2 4
36726 10 -1 35 -1 -1 9 26 -1 38 -1 -1 24 -1 3 39 34 31 29 5 12 13 19 49 48 40 46 -1 44 14 -1 47 41 37 -1 43 6 28 0 11 2 4
37666 10 -1 35 -1 -1 9 26 -1 38 -1 -1 24 -1 3 39 34 31 29 5 12 13 19 49 48 40 46 -1 44 14 -1 47 41 37 4 43 52 28 0 11 2 6
37666 10 -1 35 -1 -1 9 26 -1 38 -1 -1 24 -1 3 39 34 31 29 5 12 13 19 49 48 40 46 -1 44 14 -1 47 41 37 4 43 52 28 0 11 2 6
38516 10 -1 35 -1 -1 9 26 -1 38 -1 -1 24 -1 3 39 54 31 29 5 12 13 19 49 48 40 46 -1 44 14 -1 47 41 37 4 43 52 28 0 34 2 6
38516 10 -1 35 -1 -1 9 26 -1 38 -1 -1 24 -1 3 39 54 31 29 5 12 13 19 49 48 40 46 -1 44 14 -1 47 41 37 4 43 52 28 0 34 2 6
39139 10 -1 35 -1 -1 9 26 -1 38 -1 -1 24 -1 3 39 54 31 29 5 12 13 19 49 48 40 56 -1 44 14 46 47 41 37 4 43 52 28 0 34 2 6
39139 10 -1 35 -1 -1 9 26 -1 38 -1 -1 24 -1 3 39 54 31 29 5 12 13 19 49 48 40 56 -1 44 14 46 47 41 37 4 43 52 28 0 34 2 6
39139 10 -1 35 -1 -1 9 26 -1 38 -1 -1 24 -1 3 39 54 31 29 5 12 13 19 49 48 40 56 -1 44 14 46 47 41 37 4 43 52 28 0 34 2 6
40255 10 -1 24 -1 -1 9 26 -1 38 -1 -1 29 -1 3 0 54 31 13 5 35 39 19 49 48 40 56 -1 44 14 46 47 41 37 4 43 52 28 59 34 2 6
40255 10 -1 24 -1 -1 9 26 -1 38 -1 -1 29 -1 3 0 54 31 13 5 35 39 19 49 48 40 56 -1 44 14 46 47 41 37 4 43 52 28 59 34 2 6
40443 10 -1 24 -1 -1 9 26 -1 38 -1 -1 29 -1 3 0 54 31 13 5 35 39 19 49 48 40 61 -1 44 14 46 47 56 37 4 43 52 28 59 34 2 6
40443 10 -1 24 -1 -1 9 26 -1 38 -1 -1 29 -1 3 0 54 31 13 5 35 39 19 49 48 40 61 -1 44 14 46 47 56 37 4 43 52 28 59 34 2 6
41262 10 -1 24 -1 -1 9 26 -1 38 -1 -1 29 -1 3 0 54 31 13 5 35 39 19 49 48 40 61 -1 44 14 46 63 56 37 4 43 52 28 59 34 2 6
43032 14 -1 35 -1 -1 9 26 -1 38 -1 -1 24 -1 3 0 54 31 29 5 2 13 10 49 48 40 61 39 44 64 46 63 56 37 4 43 52 28 59 34 19 6
43032 14 -1 35 -1 -1 9 26 -1 38 -1 -1 24 -1 3 0 54 31 29 5 2 13 10 49 48 40 61 39 44 64 46 63 56 37 4 43 52 28 59 34 19 6
44117 14 -1 35 -1 61 9 26 -1 38 -1 -1 24 -1 3 0 54 31 29 5 2 13 10 49 48 40 56 39 44 64 46 63 66 37 4 43 52 28 59 34 19 6
45428 14 -1 35 -1 46 9 26 -1 38 -1 43 24 -1 3 0 54 31 29 5 2 13 10 66 48 40 61 39 44 64 67 63 56 37 6 4 49 28 59 34 19 52
45428 14 -1 35 -1 46 9 26 -1 38 -1 43 24 -1 3 0 54 31 29 5 2 13 10 66 48 40 61 39 44 64 67 63 56 37 6 4 49 28 59 34 19 52
45658 14 -1 35 -1 46 9 26 -1 38 -1 43 24 -1 3 0 54 31 29 5 2 13 10 66 48 69 61 39 44 64 67 63 56 37 6 4 49 28 59 34 19 52
45939 10 -1 24 -1 46 9 26 -1 38 -1 43 29 -1 3 59 54 31 13 5 35 39 19 66 48 70 61 0 44 64 67 63 56 37 6 4 49 28 69 34 2 52
45939 10 -1 24 -1 46 9 26 -1 38 -1 43 29 -1 3 59 54 31 13 5 35 39 19 66 48 70 61 0 44 64 67 63 56 37 6 4 49 28 69 34 2 52
45939 10 -1 24 -1 46 9 26 -1 38 -1 43 29 -1 3 59 54 31 13 5 35 39 19 66 48 70 61 0 44 64 67 63 56 37 6 4 49 28 69 34 2 52
45939 10 -1 24 -1 46 9 26 -1 38 -1 43 29 -1 3 59 54 31 13 5 35 39 19 66 48 70 61 0 44 64 67 63 56 37 6 4 49 28 69 34 2 52
45939 10 -1 24 -1 46 9 26 -1 38 -1 43 29 -1 3 59 54 31 13 5 35 39 19 66 48 70 61 0 44 64 67 63 56 37 6 4 49 28 69 34 2 52
45939 10 -1 24 -1 46 9 26 -1 38 -1 43 29 -1 3 59 54 31 13 5 35 39 19 66 48 70 61 0 44 64 67 63 56 37 6 4 49 28 69 34 2 52
45939 10 -1 24 -1 46 9 26 -1 38 -1 43 29 -1 3 59 54 31 13 5 35 39 19 66 48 70 61 0 44 64 67 63 56 37 6 4 49 28 69 34 2 52
45939 10 -1 24 -1 46 9 26 -1 38 -1 43 29 -1 3 59 54 31 13 5 35 39 19 66 48 70 61 0 44 64 67 63 56 37 6 4 49 28 69 34 2 52
45939 10 -1 24 -1 46 9 26 -1 38 -1 43 29 -1 3 59 54 31 13 5 35 39 19 66 48 70 61 0 44 64 67 63 56 37 6 4 49 28 69 34 2 52
45939 10 -1 24 -1 46 9 26 -1 38 -1 43 29 -1 3 59 54 31 13 5 35 39 19 66 48 70 61 0 44 64 67 63 56 37 6 4 49 28 69 34 2 52
45939 10 -1 24 -1 46 9 26 -1 38 -1 43 29 -1 3 59 54 31 13 5 35 39 19 66 48 70 61 0 44 64 67 63 56 37 6 4 49 28 69 34 2 52
46293 10 -1 24 -1 46 9 26 -1 38 -1 43 29 -1 3 59 54 31 13 5 35 39 19 49 48 70 56 0 44 64 67 63 66 37 6 4 52 28 69 34 2 81
46293 10 -1 24 -1 46 9 26 -1 38 -1 43 29 -1 3 59 54 31 13 5 35 39 19 49 48 70 56 0 44 64 67 63 66 37 6 4 52 28 69 34 2 81
46293 10 -1 24 -1 46 9 26 -1 38 -1 43 29 -1 3 59 54 31 13 5 35 39 19 49 48 70 56 0 44 64 67 63 66 37 6 4 52 28 69 34 2 81
46293 10 -1 24 -1 46 9 26 -1 38 -1 43 29 -1 3 59 54 31 13 5 35 39 19 49 48 70 56 0 44 64 67 63 66 37 6 4 52 28 69 34 2 81
47023 10 -1 85 -1 46 9 26 3 38 -1 43 24 -1 70 0 54 31 29 5 35 13 19 49 48 69 56 39 44 64 67 63 66 37 6 4 52 28 59 34 2 81
47743 10 -1 85 -1 46 9 26 3 38 -1 43 24 -1 70 59 54 31 29 5 35 13 19 49 48 69 56 0 44 64 67 63 66 37 6 4 52 28 86 34 2 81
49022 10 -1 85 -1 67 9 26 3 38 -1 43 24 81 70 59 54 31 29 5 35 13 19 66 48 69 46 0 44 64 87 63 56 37 6 4 49 28 86 34 2 52
49022 10 -1 85 -1 67 9 26 3 38 -1 43 24 81 70 59 54 31 29 5 35 13 19 66 48 69 46 0 44 64 87 63 56 37 6 4 49 28 86 34 2 52
49022 10 -1 85 -1 67 9 26 3 38 -1 43 24 81 70 59 54 31 29 5 35 13 19 66 48 69 46 0 44 64 87 63 56 37 6 4 49 28 86 34 2 52
49022 10 -1 85 -1 67 9 26 3 38 -1 43 24 81 70 59 54 31 29 5 35 13 19 66 48 69 46 0 44 64 87 63 56 37 6 4 49 28 86 34 2 52
49510 19 -1 24 -1 67 43 26 34 63 -1 4 29 81 3 86 38 31 13 10 85 0 2 66 48 70 46 59 44 64 87 37 56 9 91 6 49 28 69 54 35 52
49637 19 -1 24 -1 67 43 26 34 63 -1 4 29 81 3 86 38 31 13 10 85 0 2 66 48 92 46 59 44 64 87 37 56 9 91 6 49 28 70 54 35 52
49637 19 -1 24 -1 67 43 26 34 63 -1 4 29 81 3 86 38 31 13 10 85 0 2 66 48 92 46 59 44 64 87 37 56 9 91 6 49 28 70 54 35 52
49637 19 -1 24 -1 67 43 26 34 63 -1 4 29 81 3 86 38 31 13 10 85 0 2 66 48 92 46 59 44 64 87 37 56 9 91 6 49 28 70 54 35 52
