11670 -1 -1 -1 -1 -1 -1 -1 -1 -1 -1 -1 -1 -1 -1 -1 -1 -1 -1 -1 -1 -1 -1 -1
11670 -1 -1 -1 -1 -1 -1 -1 -1 -1 -1 -1 -1 -1 -1 -1 -1 -1 -1 -1 -1 -1 -1 -1
13347 -1 -1 -1 -1 -1 -1 -1 -1 -1 -1 -1 -1 -1 1 -1 -1 -1 -1 -1 -1 -1 -1 -1
14410 -1 -1 -1 -1 2 -1 -1 -1 -1 -1 -1 -1 -1 1 -1 -1 -1 -1 -1 -1 -1 -1 -1
14410 -1 -1 -1 -1 2 -1 -1 -1 -1 -1 -1 -1 -1 1 -1 -1 -1 -1 -1 -1 -1 -1 -1
14410 -1 -1 -1 -1 2 -1 -1 -1 -1 -1 -1 -1 -1 1 -1 -1 -1 -1 -1 -1 -1 -1 -1
14417 -1 -1 -1 -1 5 -1 -1 -1 -1 -1 -1 -1 -1 1 -1 -1 -1 -1 -1 -1 -1 -1 2
15737 -1 -1 -1 -1 1 -1 -1 -1 -1 -1 -1 -1 -1 6 -1 -1 -1 -1 -1 -1 -1 -1 2
15849 -1 -1 -1 -1 1 -1 -1 -1 2 -1 -1 -1 -1 6 -1 -1 -1 -1 -1 -1 -1 -1 7
16768 -1 -1 -1 -1 1 8 -1 -1 2 -1 -1 -1 -1 6 -1 -1 -1 -1 -1 -1 -1 -1 7
17493 -1 -1 -1 9 1 8 -1 -1 2 -1 -1 -1 -1 6 -1 -1 -1 -1 -1 -1 -1 -1 7
17493 -1 -1 -1 9 1 8 -1 -1 2 -1 -1 -1 -1 6 -1 -1 -1 -1 -1 -1 -1 -1 7
17867 -1 -1 -1 9 1 8 11 -1 2 -1 -1 -1 -1 6 -1 -1 -1 -1 -1 -1 -1 -1 7
18182 -1 -1 -1 9 1 8 11 -1 2 12 -1 -1 -1 6 -1 -1 -1 -1 -1 -1 -1 -1 7
20025 -1 -1 -1 9 6 2 11 -1 1 12 -1 -1 -1 13 -1 -1 -1 -1 -1 -1 -1 -1 8
20638 12 -1 -1 9 6 14 11 -1 1 8 -1 -1 -1 13 -1 -1 -1 -1 -1 -1 -1 -1 2
21221 12 -1 15 9 6 14 11 -1 1 8 -1 -1 -1 13 -1 -1 -1 -1 -1 -1 -1 -1 2
22155 12 8 1 9 13 15 11 -1 6 2 -1 -1 -1 16 -1 -1 -1 -1 -1 -1 -1 -1 14
22196 12 8 15 9 13 14 11 -1 6 17 1 -1 -1 16 -1 -1 -1 -1 -1 -1 -1 -1 2
22465 12 8 1 9 13 15 11 -1 6 2 18 -1 -1 16 -1 -1 -1 -1 -1 -1 -1 -1 14
23723 12 8 18 9 13 15 11 -1 19 2 6 -1 -1 16 -1 -1 -1 1 -1 -1 -1 -1 14
23901 20 8 18 9 13 15 11 -1 19 2 6 -1 -1 16 -1 -1 -1 1 -1 -1 -1 -1 14
23901 20 8 18 9 13 15 11 -1 19 2 6 -1 -1 16 -1 -1 -1 1 -1 -1 -1 -1 14
23901 20 8 18 9 13 15 11 -1 19 2 6 -1 -1 16 -1 -1 -1 1 -1 -1 -1 -1 14
24410 20 8 18 9 19 15 11 -1 6 2 23 -1 13 16 -1 -1 -1 1 -1 -1 -1 -1 14
24410 20 8 18 9 19 15 11 -1 6 2 23 -1 13 16 -1 -1 -1 1 -1 -1 -1 -1 14
24410 20 8 18 9 19 15 11 -1 6 2 23 -1 13 16 -1 -1 -1 1 -1 -1 -1 -1 14
24436 20 8 1 9 19 14 11 -1 23 26 18 -1 13 16 -1 -1 -1 15 -1 6 -1 -1 2
25395 20 8 18 9 19 15 11 -1 23 2 27 -1 13 16 -1 -1 -1 1 -1 6 -1 -1 14
25395 20 8 18 9 19 15 11 -1 23 2 27 -1 13 16 -1 -1 -1 1 -1 6 -1 -1 14
26638 20 8 27 9 29 15 11 -1 6 2 23 -1 13 16 -1 -1 -1 1 -1 19 -1 -1 14
26638 20 8 27 9 29 15 11 -1 6 2 23 -1 13 16 -1 -1 -1 1 -1 19 -1 -1 14
27029 20 8 27 9 29 15 1 -1 6 2 23 -1 13 16 -1 -1 -1 31 -1 19 -1 -1 14
27756 20 8 23 9 29 15 1 31 19 2 6 -1 13 16 -1 -1 -1 27 -1 32 -1 -1 14
27756 20 8 23 9 29 15 1 31 19 2 6 -1 13 16 -1 -1 -1 27 -1 32 -1 -1 14
27756 20 8 23 9 29 15 1 31 19 2 6 -1 13 16 -1 -1 -1 27 -1 32 -1 -1 14
27756 20 8 23 9 29 15 1 31 19 2 6 -1 13 16 -1 -1 -1 27 -1 32 -1 -1 14
27756 20 8 23 9 29 15 1 31 19 2 6 -1 13 16 -1 -1 -1 27 -1 32 -1 -1 14
28816 8 2 6 9 13 1 31 27 32 14 19 -1 16 37 -1 -1 -1 23 -1 29 -1 -1 15
28909 8 2 6 9 13 1 31 27 32 14 19 -1 16 37 -1 -1 -1 23 -1 29 38 -1 15
29609 8 2 19 9 16 31 27 23 29 15 32 -1 37 39 -1 -1 -1 6 -1 13 38 -1 1
30287 8 2 19 9 16 27 23 6 29 15 32 -1 37 39 -1 -1 1 40 -1 13 38 -1 31
30941 8 2 19 9 16 23 6 40 29 1 32 -1 37 39 -1 -1 31 41 -1 13 38 -1 27
31705 8 2 19 9 16 6 40 41 29 1 32 -1 37 39 31 -1 27 42 -1 13 38 -1 23
31705 8 2 19 9 16 6 40 41 29 1 32 -1 37 39 31 -1 27 42 -1 13 38 -1 23
31902 38 2 19 9 16 6 40 41 29 44 32 -1 37 39 1 -1 31 42 -1 13 8 -1 27
32001 45 2 19 9 16 6 40 41 29 44 32 -1 37 39 1 -1 31 42 -1 13 8 -1 27
