30857 -1 -1 -1 -1 -1 -1 -1 -1 -1 -1 -1 -1 -1 -1 -1 -1 -1 -1 -1 -1 -1 -1 -1 -1 -1 -1 -1 -1 -1 -1 -1 -1 -1 -1 -1 -1 -1 -1 -1 -1 -1 -1 -1 -1 -1 -1 -1 -1 -1 -1 -1 -1 -1 -1
31353 -1 0 -1 -1 -1 -1 -1 -1 -1 -1 -1 -1 -1 -1 -1 -1 -1 -1 -1 -1 -1 -1 -1 -1 -1 -1 -1 -1 -1 -1 -1 -1 -1 -1 -1 -1 -1 -1 -1 -1 -1 -1 -1 -1 -1 -1 -1 -1 -1 -1 -1 -1 -1 -1
33191 -1 1 -1 -1 -1 0 -1 -1 -1 -1 -1 -1 -1 -1 -1 -1 -1 -1 -1 -1 -1 -1 -1 -1 -1 -1 -1 -1 -1 -1 -1 -1 -1 -1 -1 -1 -1 -1 -1 -1 -1 -1 -1 -1 -1 -1 -1 -1 -1 -1 -1 -1 -1 -1
33191 -1 1 -1 -1 -1 0 -1 -1 -1 -1 -1 -1 -1 -1 -1 -1 -1 -1 -1 -1 -1 -1 -1 -1 -1 -1 -1 -1 -1 -1 -1 -1 -1 -1 -1 -1 -1 -1 -1 -1 -1 -1 -1 -1 -1 -1 -1 -1 -1 -1 -1 -1 -1 -1
34800 -1 3 -1 -1 -1 1 -1 -1 -1 -1 -1 -1 -1 -1 -1 -1 -1 -1 -1 -1 -1 -1 -1 -1 -1 -1 -1 -1 -1 -1 -1 -1 -1 -1 -1 -1 -1 -1 -1 -1 -1 0 -1 -1 -1 -1 -1 -1 -1 -1 -1 -1 -1 -1
35625 -1 3 -1 -1 -1 1 -1 -1 -1 -1 -1 -1 -1 -1 -1 -1 -1 -1 -1 -1 -1 -1 -1 -1 -1 -1 -1 -1 -1 -1 -1 -1 -1 -1 0 -1 -1 -1 -1 -1 -1 4 -1 -1 -1 -1 -1 -1 -1 -1 -1 -1 -1 -1
35625 -1 3 -1 -1 -1 1 -1 -1 -1 -1 -1 -1 -1 -1 -1 -1 -1 -1 -1 -1 -1 -1 -1 -1 -1 -1 -1 -1 -1 -1 -1 -1 -1 -1 0 -1 -1 -1 -1 -1 -1 4 -1 -1 -1 -1 -1 -1 -1 -1 -1 -1 -1 -1
36025 -1 3 -1 -1 -1 1 -1 -1 -1 -1 -1 -1 -1 -1 -1 -1 -1 -1 -1 -1 -1 -1 -1 -1 -1 -1 -1 -1 -1 -1 -1 -1 -1 -1 0 -1 -1 -1 -1 -1 -1 4 -1 -1 -1 -1 -1 6 -1 -1 -1 -1 -1 -1
37219 -1 7 -1 -1 -1 1 -1 -1 -1 -1 -1 -1 -1 -1 -1 -1 -1 -1 -1 -1 -1 -1 -1 -1 3 -1 -1 -1 -1 -1 -1 -1 -1 -1 0 -1 -1 -1 -1 -1 -1 4 -1 -1 -1 -1 -1 6 -1 -1 -1 -1 -1 -1
38784 -1 8 -1 -1 -1 1 -1 -1 -1 -1 -1 -1 -1 -1 -1 -1 -1 -1 -1 -1 -1 -1 -1 -1 7 -1 -1 -1 -1 -1 -1 -1 3 -1 0 -1 -1 -1 -1 -1 -1 4 -1 -1 -1 -1 -1 6 -1 -1 -1 -1 -1 -1
38873 -1 8 -1 -1 -1 1 -1 -1 -1 -1 -1 -1 -1 -1 -1 -1 -1 -1 -1 -1 -1 -1 6 -1 7 -1 -1 -1 -1 -1 -1 -1 3 -1 0 -1 -1 -1 -1 -1 -1 4 -1 -1 -1 -1 -1 9 -1 -1 -1 -1 -1 -1
40364 -1 8 -1 -1 -1 1 -1 -1 -1 -1 -1 -1 -1 -1 -1 -1 -1 -1 -1 -1 -1 -1 6 -1 7 -1 -1 -1 -1 -1 -1 -1 3 -1 4 -1 -1 -1 -1 0 -1 10 -1 -1 -1 -1 -1 9 -1 -1 -1 -1 -1 -1
40548 -1 8 -1 -1 -1 1 -1 -1 -1 -1 -1 -1 -1 -1 -1 -1 -1 -1 -1 -1 -1 11 6 -1 7 -1 -1 -1 -1 -1 -1 -1 3 -1 4 -1 -1 -1 -1 0 -1 10 -1 -1 -1 -1 -1 9 -1 -1 -1 -1 -1 -1
40559 -1 8 6 -1 -1 1 -1 -1 -1 -1 -1 -1 -1 -1 -1 -1 -1 -1 -1 -1 -1 11 12 -1 7 -1 -1 -1 -1 -1 -1 -1 3 -1 4 -1 -1 -1 -1 0 -1 10 -1 -1 -1 -1 -1 9 -1 -1 -1 -1 -1 -1
41165 -1 8 6 -1 -1 1 -1 -1 -1 -1 -1 -1 -1 -1 -1 -1 -1 -1 -1 -1 -1 11 12 -1 7 -1 -1 -1 -1 -1 -1 -1 3 -1 4 -1 -1 -1 -1 0 -1 10 -1 -1 -1 13 -1 9 -1 -1 -1 -1 -1 -1
41483 -1 8 6 -1 -1 1 -1 -1 -1 -1 -1 -1 -1 -1 -1 -1 -1 -1 -1 -1 -1 11 12 -1 7 -1 -1 -1 14 -1 -1 -1 3 -1 4 -1 -1 -1 -1 0 -1 10 -1 -1 -1 13 -1 9 -1 -1 -1 -1 -1 -1
42650 -1 15 6 -1 -1 1 -1 -1 -1 -1 -1 -1 -1 -1 -1 -1 -1 -1 -1 -1 -1 11 12 -1 7 -1 -1 -1 14 -1 -1 -1 3 -1 4 -1 -1 -1 -1 0 -1 10 -1 8 -1 13 -1 9 -1 -1 -1 -1 -1 -1
42650 -1 15 6 -1 -1 1 -1 -1 -1 -1 -1 -1 -1 -1 -1 -1 -1 -1 -1 -1 -1 11 12 -1 7 -1 -1 -1 14 -1 -1 -1 3 -1 4 -1 -1 -1 -1 0 -1 10 -1 8 -1 13 -1 9 -1 -1 -1 -1 -1 -1
43092 -1 15 6 -1 -1 1 -1 -1 -1 17 -1 -1 -1 -1 -1 -1 -1 -1 -1 -1 -1 11 12 -1 7 -1 -1 -1 14 -1 -1 -1 3 -1 4 -1 -1 -1 -1 0 -1 10 -1 8 -1 13 -1 9 -1 -1 -1 -1 -1 -1
43693 -1 15 14 -1 -1 1 -1 -1 -1 4 -1 -1 -1 -1 -1 -1 -1 -1 -1 -1 -1 11 6 -1 7 -1 -1 -1 0 -1 -1 -1 3 -1 18 -1 -1 -1 -1 17 -1 10 -1 8 -1 13 -1 9 -1 -1 -1 -1 -1 -1
44764 -1 7 14 -1 -1 8 -1 -1 -1 4 -1 -1 -1 -1 -1 -1 -1 -1 -1 -1 -1 11 6 -1 19 -1 -1 -1 0 -1 -1 -1 3 -1 18 -1 -1 -1 -1 17 -1 1 -1 15 -1 10 -1 9 13 -1 -1 -1 -1 -1
45494 -1 7 14 -1 -1 8 -1 -1 -1 4 -1 -1 -1 -1 -1 18 -1 -1 -1 -1 -1 11 6 -1 19 -1 -1 -1 0 -1 -1 -1 3 -1 20 -1 -1 -1 -1 17 -1 1 -1 15 -1 10 -1 9 13 -1 -1 -1 -1 -1
46903 -1 19 14 -1 -1 15 -1 -1 -1 4 -1 -1 -1 -1 -1 18 -1 -1 -1 -1 -1 11 6 -1 3 -1 -1 -1 0 -1 -1 -1 21 -1 20 -1 -1 -1 -1 17 13 8 -1 7 -1 1 -1 9 10 -1 -1 -1 -1 -1
48284 -1 19 14 -1 -1 15 -1 -1 -1 4 -1 -1 -1 -1 -1 18 -1 -1 -1 -1 -1 11 6 21 3 -1 -1 -1 0 -1 -1 -1 22 -1 20 -1 -1 -1 -1 17 13 8 -1 7 -1 1 -1 9 10 -1 -1 -1 -1 -1
48823 -1 19 14 -1 -1 15 -1 -1 -1 18 -1 -1 -1 -1 -1 20 -1 -1 -1 -1 -1 11 6 21 3 -1 -1 -1 0 -1 -1 -1 22 -1 13 -1 -1 -1 -1 4 23 8 -1 7 -1 1 -1 9 10 -1 -1 -1 -1 17
49339 -1 19 14 -1 -1 15 -1 -1 13 18 -1 -1 -1 -1 -1 20 -1 -1 -1 -1 -1 11 6 21 3 -1 -1 -1 0 -1 -1 -1 22 -1 24 -1 -1 -1 -1 4 23 8 -1 7 -1 1 -1 9 10 -1 -1 -1 -1 17
50825 -1 19 0 -1 -1 7 -1 -1 23 20 -1 -1 -1 -1 -1 24 -1 -1 -1 -1 -1 11 14 21 3 -1 -1 -1 17 -1 -1 -1 22 -1 13 -1 -1 -1 -1 18 10 15 -1 25 -1 8 -1 6 1 -1 -1 -1 -1 4
50825 -1 19 0 -1 -1 7 -1 -1 23 20 -1 -1 -1 -1 -1 24 -1 -1 -1 -1 -1 11 14 21 3 -1 -1 -1 17 -1 -1 -1 22 -1 13 -1 -1 -1 -1 18 10 15 -1 25 -1 8 -1 6 1 -1 -1 -1 -1 4
50825 -1 19 0 -1 -1 7 -1 -1 23 20 -1 -1 -1 -1 -1 24 -1 -1 -1 -1 -1 11 14 21 3 -1 -1 -1 17 -1 -1 -1 22 -1 13 -1 -1 -1 -1 18 10 15 -1 25 -1 8 -1 6 1 -1 -1 -1 -1 4
51566 0 19 28 -1 -1 7 -1 -1 23 20 -1 -1 -1 -1 -1 24 -1 -1 -1 -1 -1 11 14 21 3 -1 -1 -1 17 -1 -1 -1 22 -1 13 -1 -1 -1 -1 18 10 15 -1 25 -1 8 -1 6 1 -1 -1 -1 -1 4
52365 17 19 28 -1 -1 25 -1 -1 10 24 -1 -1 -1 -1 -1 13 -1 -1 -1 -1 -1 11 14 21 3 -1 -1 -1 4 -1 -1 -1 22 -1 23 -1 0 -1 -1 20 1 7 -1 29 -1 15 -1 6 8 -1 -1 -1 -1 18
52365 17 19 28 -1 -1 25 -1 -1 10 24 -1 -1 -1 -1 -1 13 -1 -1 -1 -1 -1 11 14 21 3 -1 -1 -1 4 -1 -1 -1 22 -1 23 -1 0 -1 -1 20 1 7 -1 29 -1 15 -1 6 8 -1 -1 -1 -1 18
54288 4 3 0 -1 -1 29 -1 -1 1 13 -1 -1 -1 -1 -1 23 -1 -1 -1 -1 -1 11 14 22 21 -1 -1 -1 18 -1 -1 -1 31 -1 10 -1 17 -1 -1 24 8 25 -1 19 -1 7 -1 6 15 -1 28 -1 -1 20
54288 4 3 0 -1 -1 29 -1 -1 1 13 -1 -1 -1 -1 -1 23 -1 -1 -1 -1 -1 11 14 22 21 -1 -1 -1 18 -1 -1 -1 31 -1 10 -1 17 -1 -1 24 8 25 -1 19 -1 7 -1 6 15 -1 28 -1 -1 20
55483 18 3 0 -1 -1 29 -1 -1 8 23 -1 -1 -1 -1 -1 10 -1 -1 -1 -1 -1 11 14 22 21 -1 -1 -1 20 4 -1 -1 31 -1 1 -1 17 -1 -1 13 15 33 -1 19 -1 25 -1 6 7 -1 28 -1 -1 24
55483 18 3 0 -1 -1 29 -1 -1 8 23 -1 -1 -1 -1 -1 10 -1 -1 -1 -1 -1 11 14 22 21 -1 -1 -1 20 4 -1 -1 31 -1 1 -1 17 -1 -1 13 15 33 -1 19 -1 25 -1 6 7 -1 28 -1 -1 24
55483 18 3 0 -1 -1 29 -1 -1 8 23 -1 -1 -1 -1 -1 10 -1 -1 -1 -1 -1 11 14 22 21 -1 -1 -1 20 4 -1 -1 31 -1 1 -1 17 -1 -1 13 15 33 -1 19 -1 25 -1 6 7 -1 28 -1 -1 24
55483 18 3 0 -1 -1 29 -1 -1 8 23 -1 -1 -1 -1 -1 10 -1 -1 -1 -1 -1 11 14 22 21 -1 -1 -1 20 4 -1 -1 31 -1 1 -1 17 -1 -1 13 15 33 -1 19 -1 25 -1 6 7 -1 28 -1 -1 24
55725 18 3 0 -1 -1 29 -1 -1 8 23 -1 -1 -1 -1 -1 10 -1 -1 -1 -1 -1 11 14 22 21 -1 -1 -1 20 4 -1 -1 31 -1 1 -1 37 -1 -1 13 15 33 -1 19 -1 25 -1 6 7 -1 28 17 -1 24
55725 18 3 0 -1 -1 29 -1 -1 8 23 -1 -1 -1 -1 -1 10 -1 -1 -1 -1 -1 11 14 22 21 -1 -1 -1 20 4 -1 -1 31 -1 1 -1 37 -1 -1 13 15 33 -1 19 -1 25 -1 6 7 -1 28 17 -1 24
56641 18 3 39 -1 -1 29 -1 -1 8 23 -1 -1 -1 -1 -1 10 -1 -1 -1 -1 -1 11 14 22 21 -1 -1 -1 20 4 -1 -1 31 -1 1 -1 37 -1 -1 13 15 33 -1 19 -1 25 -1 6 7 -1 28 17 -1 24
56922 4 3 40 -1 -1 29 1 -1 8 13 -1 -1 -1 -1 -1 23 -1 -1 -1 -1 -1 11 14 22 21 -1 -1 -1 18 17 -1 -1 31 -1 10 -1 37 -1 -1 24 15 33 -1 19 -1 25 -1 6 7 -1 28 39 -1 20
56922 4 3 40 -1 -1 29 1 -1 8 13 -1 -1 -1 -1 -1 23 -1 -1 -1 -1 -1 11 14 22 21 -1 -1 -1 18 17 -1 -1 31 -1 10 -1 37 -1 -1 24 15 33 -1 19 -1 25 -1 6 7 -1 28 39 -1 20
57749 18 3 39 -1 -1 29 1 14 8 23 -1 -1 -1 -1 -1 42 -1 -1 -1 -1 -1 11 28 22 21 -1 -1 -1 20 4 -1 -1 31 -1 10 -1 37 -1 -1 13 15 33 -1 19 -1 25 -1 6 7 -1 40 17 -1 24
59594 18 21 39 -1 -1 19 8 14 15 23 -1 -1 -1 -1 -1 42 -1 -1 10 -1 -1 11 28 31 22 -1 -1 -1 20 4 -1 -1 43 -1 1 -1 37 -1 -1 13 7 29 -1 3 -1 33 -1 6 25 -1 40 17 -1 24
59890 18 21 39 -1 -1 19 8 44 15 23 -1 -1 -1 -1 -1 42 -1 -1 10 -1 -1 11 28 31 22 -1 6 -1 20 4 -1 -1 43 -1 1 -1 37 -1 -1 13 7 29 -1 3 -1 33 -1 14 25 -1 40 17 -1 24
59890 18 21 39 -1 -1 19 8 44 15 23 -1 -1 -1 -1 -1 42 -1 -1 10 -1 -1 11 28 31 22 -1 6 -1 20 4 -1 -1 43 -1 1 -1 37 -1 -1 13 7 29 -1 3 -1 33 -1 14 25 -1 40 17 -1 24
59890 18 21 39 -1 -1 19 8 44 15 23 -1 -1 -1 -1 -1 42 -1 -1 10 -1 -1 11 28 31 22 -1 6 -1 20 4 -1 -1 43 -1 1 -1 37 -1 -1 13 7 29 -1 3 -1 33 -1 14 25 -1 40 17 -1 24
60318 18 21 39 -1 -1 19 8 44 15 23 -1 -1 -1 -1 -1 42 -1 -1 10 -1 -1 47 28 31 22 -1 6 -1 20 4 -1 -1 43 -1 1 -1 37 -1 -1 13 7 29 -1 3 -1 33 -1 14 25 -1 40 17 -1 24
60930 18 21 39 -1 -1 19 8 44 15 23 -1 -1 -1 -1 -1 42 -1 -1 10 -1 -1 47 28 31 22 -1 6 -1 20 4 -1 -1 43 -1 1 -1 37 -1 -1 13 48 29 -1 3 -1 33 25 14 7 -1 40 17 -1 24
60965 20 21 17 -1 -1 19 8 44 15 42 -1 -1 -1 -1 -1 10 -1 -1 1 -1 -1 47 28 31 22 -1 6 -1 24 18 -1 39 43 -1 49 -1 37 -1 -1 23 48 29 -1 3 -1 33 25 14 7 -1 40 4 -1 13
60965 20 21 17 -1 -1 19 8 44 15 42 -1 -1 -1 -1 -1 10 -1 -1 1 -1 -1 47 28 31 22 -1 6 -1 24 18 -1 39 43 -1 49 -1 37 -1 -1 23 48 29 -1 3 -1 33 25 14 7 -1 40 4 -1 13
60965 20 21 17 -1 -1 19 8 44 15 42 -1 -1 -1 -1 -1 10 -1 -1 1 -1 -1 47 28 31 22 -1 6 -1 24 18 -1 39 43 -1 49 -1 37 -1 -1 23 48 29 -1 3 -1 33 25 14 7 -1 40 4 -1 13
61125 20 21 39 -1 -1 19 8 44 15 42 -1 -1 -1 -1 -1 10 -1 -1 1 -1 -1 47 28 31 22 -1 6 -1 24 18 -1 52 43 -1 49 -1 37 -1 -1 23 48 29 -1 3 -1 33 25 14 7 -1 40 4 -1 13
61804 20 21 39 -1 -1 19 15 44 48 42 -1 -1 -1 -1 -1 10 1 -1 8 -1 -1 47 28 31 22 -1 6 -1 24 18 -1 52 43 -1 49 -1 37 -1 -1 23 7 29 -1 3 -1 53 33 14 25 -1 40 4 -1 13
61804 20 21 39 -1 -1 19 15 44 48 42 -1 -1 -1 -1 -1 10 1 -1 8 -1 -1 47 28 31 22 -1 6 -1 24 18 -1 52 43 -1 49 -1 37 -1 -1 23 7 29 -1 3 -1 53 33 14 25 -1 40 4 -1 13
61804 20 21 39 -1 -1 19 15 44 48 42 -1 -1 -1 -1 -1 10 1 -1 8 -1 -1 47 28 31 22 -1 6 -1 24 18 -1 52 43 -1 49 -1 37 -1 -1 23 7 29 -1 3 -1 53 33 14 25 -1 40 4 -1 13
61804 20 21 39 -1 -1 19 15 44 48 42 -1 -1 -1 -1 -1 10 1 -1 8 -1 -1 47 28 31 22 -1 6 -1 24 18 -1 52 43 -1 49 -1 37 -1 -1 23 7 29 -1 3 -1 53 33 14 25 -1 40 4 -1 13
61804 20 21 39 -1 -1 19 15 44 48 42 -1 -1 -1 -1 -1 10 1 -1 8 -1 -1 47 28 31 22 -1 6 -1 24 18 -1 52 43 -1 49 -1 37 -1 -1 23 7 29 -1 3 -1 53 33 14 25 -1 40 4 -1 13
61804 20 21 39 -1 -1 19 15 44 48 42 -1 -1 -1 -1 -1 10 1 -1 8 -1 -1 47 28 31 22 -1 6 -1 24 18 -1 52 43 -1 49 -1 37 -1 -1 23 7 29 -1 3 -1 53 33 14 25 -1 40 4 -1 13
62413 24 21 39 -1 -1 19 15 44 48 10 -1 -1 -1 -1 -1 1 59 -1 8 -1 -1 47 28 31 22 -1 6 -1 13 20 -1 52 43 -1 49 -1 37 -1 -1 42 7 29 -1 3 -1 53 33 14 25 -1 40 18 -1 23
62552 24 21 39 -1 -1 19 15 44 48 10 -1 -1 -1 -1 -1 1 59 -1 8 -1 -1 47 28 31 22 -1 6 -1 13 60 -1 52 43 -1 49 -1 18 -1 -1 42 7 29 -1 3 -1 53 33 14 25 -1 40 20 -1 23
62552 24 21 39 -1 -1 19 15 44 48 10 -1 -1 -1 -1 -1 1 59 -1 8 -1 -1 47 28 31 22 -1 6 -1 13 60 -1 52 43 -1 49 -1 18 -1 -1 42 7 29 -1 3 -1 53 33 14 25 -1 40 20 -1 23
63926 24 62 39 -1 -1 3 48 44 7 10 -1 -1 -1 -1 -1 1 59 -1 8 -1 -1 47 28 31 22 -1 6 -1 13 60 -1 52 43 -1 15 -1 18 -1 -1 42 25 19 -1 21 -1 29 53 14 33 -1 40 20 -1 23
64816 13 63 18 -1 -1 21 7 44 25 1 -1 -1 -1 -1 -1 59 8 -1 15 -1 -1 47 28 31 22 -1 6 -1 23 60 -1 52 43 -1 48 -1 20 -1 -1 10 33 3 -1 62 -1 19 29 14 53 39 40 24 -1 42
65412 64 63 18 -1 -1 21 7 44 25 1 -1 -1 -1 -1 -1 59 8 -1 15 -1 -1 47 28 31 22 -1 6 -1 13 60 -1 52 43 -1 48 -1 20 -1 23 10 33 3 -1 62 -1 19 29 14 53 39 40 24 -1 42
65412 64 63 18 -1 -1 21 7 44 25 1 -1 -1 -1 -1 -1 59 8 -1 15 -1 -1 47 28 31 22 -1 6 -1 13 60 -1 52 43 -1 48 -1 20 -1 23 10 33 3 -1 62 -1 19 29 14 53 39 40 24 -1 42
65989 64 63 18 -1 -1 21 7 44 25 59 -1 -1 -1 -1 -1 8 15 -1 48 -1 -1 47 28 31 22 -1 6 -1 13 60 -1 52 43 -1 66 1 20 -1 23 10 33 3 -1 62 -1 19 29 14 53 39 40 24 -1 42
66970 13 63 20 -1 -1 21 25 28 33 8 -1 -1 -1 -1 -1 15 48 -1 66 -1 -1 40 47 31 22 -1 14 -1 23 60 -1 39 43 -1 7 59 24 -1 42 1 53 3 -1 62 -1 19 67 44 29 18 52 64 -1 10
68010 23 63 20 -1 -1 21 33 28 53 15 -1 -1 -1 -1 -1 48 66 -1 7 -1 -1 40 47 31 22 -1 14 -1 42 60 -1 39 43 -1 25 8 24 -1 10 59 29 3 -1 62 -1 19 68 44 67 18 52 64 -1 1
68799 42 63 20 -1 -1 21 53 28 29 48 -1 -1 -1 -1 -1 66 7 -1 25 -1 -1 40 47 31 22 -1 14 -1 10 60 -1 39 43 -1 33 15 64 -1 1 8 67 3 -1 62 -1 19 69 44 68 18 52 23 -1 59
69337 42 63 20 -1 -1 21 53 47 29 48 -1 -1 -1 -1 -1 66 7 -1 25 -1 -1 40 70 31 22 -1 14 -1 10 60 -1 39 43 -1 33 15 64 28 1 8 67 3 -1 62 -1 19 69 44 68 18 52 23 -1 59
69388 42 63 18 -1 -1 21 53 47 29 48 -1 -1 -1 -1 -1 66 7 -1 25 -1 -1 40 70 31 22 -1 14 -1 10 60 -1 39 43 -1 33 15 20 28 1 8 67 3 -1 62 -1 19 69 44 68 71 52 64 -1 59
69751 42 63 18 -1 -1 21 29 47 67 66 -1 -1 -1 -1 -1 7 25 -1 33 -1 -1 40 70 31 22 8 14 -1 10 60 -1 39 43 -1 53 48 20 28 1 15 68 3 -1 62 -1 19 69 44 72 71 52 64 -1 59
69751 42 63 18 -1 -1 21 29 47 67 66 -1 -1 -1 -1 -1 7 25 -1 33 -1 -1 40 70 31 22 8 14 -1 10 60 -1 39 43 -1 53 48 20 28 1 15 68 3 -1 62 -1 19 69 44 72 71 52 64 -1 59
69751 42 63 18 -1 -1 21 29 47 67 66 -1 -1 -1 -1 -1 7 25 -1 33 -1 -1 40 70 31 22 8 14 -1 10 60 -1 39 43 -1 53 48 20 28 1 15 68 3 -1 62 -1 19 69 44 72 71 52 64 -1 59
69773 42 63 75 -1 -1 21 29 47 67 66 -1 18 -1 -1 -1 7 25 -1 33 -1 -1 40 70 31 22 8 14 -1 10 60 -1 39 43 -1 53 48 20 28 1 15 68 3 -1 62 -1 19 69 44 72 71 52 64 -1 59
70149 42 63 75 -1 -1 21 29 47 67 66 -1 18 44 -1 -1 7 25 -1 33 -1 -1 40 70 31 22 8 76 -1 10 60 -1 39 43 -1 53 48 20 28 1 15 68 3 -1 62 -1 19 69 14 72 71 52 64 -1 59
71359 10 22 75 -1 -1 62 67 47 68 7 -1 18 44 -1 -1 25 33 -1 53 -1 -1 40 70 43 31 15 76 -1 1 42 -1 39 77 -1 29 66 20 28 59 48 72 21 -1 63 -1 3 19 14 69 71 52 64 -1 8
71728 10 22 75 -1 -1 62 67 47 68 7 -1 20 44 -1 -1 25 33 -1 53 -1 -1 40 70 43 31 15 76 -1 1 42 -1 39 77 -1 29 66 64 28 59 48 72 21 -1 63 -1 3 19 14 69 71 52 78 -1 8
72155 10 22 79 -1 -1 62 67 47 68 7 40 20 44 -1 -1 25 33 -1 53 -1 -1 52 70 43 31 15 76 -1 1 42 -1 71 77 -1 29 66 64 28 59 48 72 21 -1 63 -1 3 19 14 69 75 39 78 -1 8
72155 10 22 79 -1 -1 62 67 47 68 7 40 20 44 -1 -1 25 33 -1 53 -1 -1 52 70 43 31 15 76 -1 1 42 -1 71 77 -1 29 66 64 28 59 48 72 21 -1 63 -1 3 19 14 69 75 39 78 -1 8
73258 1 22 20 -1 -1 62 68 47 72 25 40 64 44 -1 -1 33 53 -1 29 -1 -1 52 70 43 31 48 76 -1 59 10 -1 75 77 -1 67 7 78 28 8 66 81 21 -1 63 -1 3 19 14 69 79 39 42 -1 15
74047 59 22 64 -1 -1 62 72 47 81 33 40 78 44 -1 -1 53 29 -1 67 -1 -1 52 70 43 31 66 76 -1 8 1 -1 79 77 -1 68 25 42 28 15 7 69 21 -1 63 -1 82 3 14 19 20 39 10 -1 48
74261 8 22 78 -1 -1 62 81 47 69 53 40 42 44 -1 -1 29 67 -1 68 -1 -1 39 70 43 31 7 76 -1 15 59 -1 20 77 -1 72 33 10 28 48 25 19 21 -1 63 -1 82 3 14 83 64 79 1 -1 66
74799 8 22 78 -1 -1 62 81 47 69 53 39 42 44 -1 -1 29 67 -1 68 -1 -1 79 70 43 31 7 76 -1 15 59 -1 20 77 -1 72 33 10 28 48 25 19 21 -1 63 -1 82 3 14 83 64 84 1 -1 66
75286 8 22 78 -1 -1 63 69 47 19 29 39 42 44 -1 -1 67 68 -1 72 -1 -1 79 70 43 31 25 76 -1 15 59 -1 20 77 -1 81 53 10 28 48 33 83 62 -1 85 -1 21 82 14 3 64 84 1 -1 66
75286 8 22 78 -1 -1 63 69 47 19 29 39 42 44 -1 -1 67 68 -1 72 -1 -1 79 70 43 31 25 76 -1 15 59 -1 20 77 -1 81 53 10 28 48 33 83 62 -1 85 -1 21 82 14 3 64 84 1 -1 66
75286 8 22 78 -1 -1 63 69 47 19 29 39 42 44 -1 -1 67 68 -1 72 -1 -1 79 70 43 31 25 76 -1 15 59 -1 20 77 -1 81 53 10 28 48 33 83 62 -1 85 -1 21 82 14 3 64 84 1 -1 66
75803 8 22 78 -1 -1 63 69 47 19 29 39 42 28 -1 -1 67 68 -1 72 -1 -1 79 70 43 31 25 76 -1 15 59 -1 20 77 -1 81 53 10 88 48 33 83 62 -1 85 -1 21 82 44 3 64 84 1 -1 66
75990 8 22 64 -1 -1 63 69 47 19 29 39 78 28 -1 -1 67 68 -1 72 -1 -1 79 70 43 31 25 76 42 15 59 -1 89 77 -1 81 53 10 88 48 33 83 62 -1 85 -1 21 82 44 3 20 84 1 -1 66
76255 15 22 78 -1 -1 63 90 47 19 67 39 42 28 -1 -1 68 72 -1 81 -1 -1 79 70 43 31 33 76 10 48 8 -1 89 77 -1 69 29 1 88 66 53 83 62 -1 85 -1 21 82 44 3 64 84 59 -1 25
76255 15 22 78 -1 -1 63 90 47 19 67 39 42 28 -1 -1 68 72 -1 81 -1 -1 79 70 43 31 33 76 10 48 8 -1 89 77 -1 69 29 1 88 66 53 83 62 -1 85 -1 21 82 44 3 64 84 59 -1 25
76255 15 22 78 -1 -1 63 90 47 19 67 39 42 28 -1 -1 68 72 -1 81 -1 -1 79 70 43 31 33 76 10 48 8 -1 89 77 -1 69 29 1 88 66 53 83 62 -1 85 -1 21 82 44 3 64 84 59 -1 25
76255 15 22 78 -1 -1 63 90 47 19 67 39 42 28 -1 -1 68 72 -1 81 -1 -1 79 70 43 31 33 76 10 48 8 -1 89 77 -1 69 29 1 88 66 53 83 62 -1 85 -1 21 82 44 3 64 84 59 -1 25
76719 15 22 78 -1 -1 63 90 70 19 67 39 42 88 -1 -1 68 72 -1 81 -1 -1 79 94 43 31 33 76 10 48 8 -1 89 77 -1 69 29 1 47 66 53 83 62 -1 85 -1 21 82 28 3 64 84 59 -1 25
76998 15 22 78 -1 -1 63 90 70 19 29 79 42 88 -1 -1 68 72 -1 81 39 -1 84 94 43 31 33 76 10 48 8 -1 95 77 -1 69 67 1 47 66 53 83 62 -1 85 -1 21 82 28 3 64 89 59 -1 25
77042 15 22 64 -1 -1 63 90 70 19 29 96 78 88 -1 -1 68 72 -1 81 39 -1 79 94 43 31 33 76 42 48 8 -1 89 77 -1 69 67 1 47 66 53 83 62 10 85 -1 21 82 28 3 95 84 59 -1 25
77967 15 22 64 -1 -1 63 19 70 83 68 96 78 88 -1 -1 72 81 -1 69 39 -1 79 94 43 31 33 76 42 48 8 -1 89 77 -1 90 67 1 47 66 53 3 62 10 85 -1 21 97 28 82 95 84 59 -1 25
78127 15 22 64 -1 -1 63 19 70 83 68 79 78 88 -1 -1 72 81 -1 69 96 -1 84 94 43 31 33 76 42 48 8 -1 98 77 -1 90 67 1 47 66 53 3 62 10 85 -1 21 97 28 82 95 89 59 39 25
78127 15 22 64 -1 -1 63 19 70 83 68 79 78 88 -1 -1 72 81 -1 69 96 -1 84 94 43 31 33 76 42 48 8 -1 98 77 -1 90 67 1 47 66 53 3 62 10 85 -1 21 97 28 82 95 89 59 39 25
78127 15 22 64 -1 -1 63 19 70 83 68 79 78 88 -1 -1 72 81 -1 69 96 -1 84 94 43 31 33 76 42 48 8 -1 98 77 -1 90 67 1 47 66 53 3 62 10 85 -1 21 97 28 82 95 89 59 39 25
78444 8 22 95 -1 -1 63 90 47 19 67 96 64 28 -1 -1 68 72 -1 81 39 -1 79 70 43 31 25 76 78 15 59 -1 89 77 -1 69 53 10 88 48 33 3 62 42 85 -1 21 97 101 82 98 84 1 94 66
78624 8 22 95 -1 -1 63 90 47 19 67 96 64 102 -1 -1 68 72 -1 81 39 -1 79 70 43 31 25 76 78 15 59 -1 89 77 -1 69 53 10 28 48 33 3 62 42 85 88 21 97 101 82 98 84 1 94 66
78854 8 22 95 -1 -1 63 90 47 19 67 96 64 102 -1 -1 68 72 -1 81 103 39 79 70 43 31 25 76 78 15 59 -1 89 77 -1 69 53 10 28 48 33 3 62 42 85 88 21 97 101 82 98 84 1 94 66
78854 8 22 95 -1 -1 63 90 47 19 67 96 64 102 -1 -1 68 72 -1 81 103 39 79 70 43 31 25 76 78 15 59 -1 89 77 -1 69 53 10 28 48 33 3 62 42 85 88 21 97 101 82 98 84 1 94 66
78854 8 22 95 -1 -1 63 90 47 19 67 96 64 102 -1 -1 68 72 -1 81 103 39 79 70 43 31 25 76 78 15 59 -1 89 77 -1 69 53 10 28 48 33 3 62 42 85 88 21 97 101 82 98 84 1 94 66
79855 15 22 64 -1 -1 63 19 47 3 68 79 78 102 -1 -1 72 81 -1 69 103 39 84 70 43 31 33 76 42 48 8 -1 98 77 -1 90 67 1 28 66 53 82 62 10 85 88 21 106 101 97 95 89 59 94 25
79980 15 22 64 -1 -1 63 19 88 3 68 79 78 101 94 -1 72 81 -1 69 103 39 84 47 43 31 33 107 42 48 8 -1 98 77 -1 90 67 1 102 66 53 82 62 10 85 28 21 106 76 97 95 89 59 70 25
79980 15 22 64 -1 -1 63 19 88 3 68 79 78 101 94 -1 72 81 -1 69 103 39 84 47 43 31 33 107 42 48 8 -1 98 77 -1 90 67 1 102 66 53 82 62 10 85 28 21 106 76 97 95 89 59 70 25
80634 15 31 64 -1 -1 85 3 88 82 68 79 78 101 94 -1 72 81 -1 69 103 39 84 47 77 43 33 107 42 48 8 -1 98 109 -1 90 67 1 102 66 53 97 63 10 22 28 62 21 76 106 95 89 59 70 25
81152 15 31 64 -1 -1 85 82 88 97 68 79 78 101 94 -1 72 81 -1 69 103 39 84 47 77 43 33 107 42 48 8 -1 98 109 -1 90 67 1 102 66 53 106 63 10 22 28 110 62 76 21 95 89 59 70 25
81152 15 31 64 -1 -1 85 82 88 97 68 79 78 101 94 -1 72 81 -1 69 103 39 84 47 77 43 33 107 42 48 8 -1 98 109 -1 90 67 1 102 66 53 106 63 10 22 28 110 62 76 21 95 89 59 70 25
81152 15 31 64 -1 -1 85 82 88 97 68 79 78 101 94 -1 72 81 -1 69 103 39 84 47 77 43 33 107 42 48 8 -1 98 109 -1 90 67 1 102 66 53 106 63 10 22 28 110 62 76 21 95 89 59 70 25
81965 15 31 64 -1 -1 85 82 88 97 68 79 78 101 94 -1 81 69 -1 90 103 39 84 47 77 43 33 107 42 48 8 -1 98 109 -1 113 67 1 102 66 53 106 63 10 22 28 110 62 76 21 95 89 59 70 25
81965 15 31 64 -1 -1 85 82 88 97 68 79 78 101 94 -1 81 69 -1 90 103 39 84 47 77 43 33 107 42 48 8 -1 98 109 -1 113 67 1 102 66 53 106 63 10 22 28 110 62 76 21 95 89 59 70 25
81965 15 31 64 -1 -1 85 82 88 97 68 79 78 101 94 -1 81 69 -1 90 103 39 84 47 77 43 33 107 42 48 8 -1 98 109 -1 113 67 1 102 66 53 106 63 10 22 28 110 62 76 21 95 89 59 70 25
82039 15 31 64 -1 -1 85 82 88 97 68 79 78 101 94 -1 81 69 -1 90 103 39 84 116 77 43 33 107 42 48 8 -1 98 109 -1 113 67 1 102 66 53 106 63 10 22 28 110 62 76 21 95 89 59 70 25
82039 15 31 64 -1 -1 85 82 88 97 68 79 78 101 94 -1 81 69 -1 90 103 39 84 116 77 43 33 107 42 48 8 -1 98 109 -1 113 67 1 102 66 53 106 63 10 22 28 110 62 76 21 95 89 59 70 25
82039 15 31 64 -1 -1 85 82 88 97 68 79 78 101 94 -1 81 69 -1 90 103 39 84 116 77 43 33 107 42 48 8 -1 98 109 -1 113 67 1 102 66 53 106 63 10 22 28 110 62 76 21 95 89 59 70 25
82137 15 31 64 -1 -1 85 82 70 97 68 79 78 101 103 -1 81 69 -1 90 39 119 84 116 77 43 33 107 42 48 8 102 89 109 -1 113 67 1 28 66 53 106 63 10 22 88 110 62 76 21 95 98 59 94 25
82137 15 31 64 -1 -1 85 82 70 97 68 79 78 101 103 -1 81 69 -1 90 39 119 84 116 77 43 33 107 42 48 8 102 89 109 -1 113 67 1 28 66 53 106 63 10 22 88 110 62 76 21 95 98 59 94 25
82200 15 31 64 -1 -1 85 82 121 97 68 119 78 101 94 -1 81 69 -1 90 103 39 79 116 77 43 33 107 42 48 8 102 98 109 -1 113 67 1 28 66 53 106 63 10 22 88 110 62 76 21 95 84 59 70 25
82200 15 31 64 -1 -1 85 82 121 97 68 119 78 101 94 -1 81 69 -1 90 103 39 79 116 77 43 33 107 42 48 8 102 98 109 -1 113 67 1 28 66 53 106 63 10 22 88 110 62 76 21 95 84 59 70 25
82431 15 31 64 -1 -1 85 82 121 97 68 119 78 102 94 -1 81 69 -1 90 103 39 79 116 77 43 33 76 42 48 8 123 98 109 107 113 67 1 28 66 53 106 63 10 22 88 110 62 101 21 95 84 59 70 25
82474 48 31 64 -1 -1 85 82 121 97 68 119 42 102 94 -1 81 69 -1 90 103 39 79 116 77 43 53 76 10 66 15 123 98 109 107 113 67 59 28 25 124 106 63 1 22 88 110 62 101 21 95 84 8 70 33
82701 15 31 64 -1 -1 85 82 121 97 68 119 42 102 94 -1 81 69 -1 90 103 39 79 116 77 43 53 76 10 66 8 123 98 109 107 113 67 125 28 25 124 106 63 1 22 88 110 62 101 21 95 84 59 70 33
82701 15 31 64 -1 -1 85 82 121 97 68 119 42 102 94 -1 81 69 -1 90 103 39 79 116 77 43 53 76 10 66 8 123 98 109 107 113 67 125 28 25 124 106 63 1 22 88 110 62 101 21 95 84 59 70 33
82701 15 31 64 -1 -1 85 82 121 97 68 119 42 102 94 -1 81 69 -1 90 103 39 79 116 77 43 53 76 10 66 8 123 98 109 107 113 67 125 28 25 124 106 63 1 22 88 110 62 101 21 95 84 59 70 33
82753 66 31 42 121 -1 85 82 70 97 81 79 10 102 103 -1 128 69 -1 90 39 119 84 116 77 43 124 76 1 25 15 123 95 109 107 113 68 59 28 33 67 106 63 125 22 88 110 62 101 21 64 98 8 94 53
82753 66 31 42 121 -1 85 82 70 97 81 79 10 102 103 -1 128 69 -1 90 39 119 84 116 77 43 124 76 1 25 15 123 95 109 107 113 68 59 28 33 67 106 63 125 22 88 110 62 101 21 64 98 8 94 53
82753 66 31 42 121 -1 85 82 70 97 81 79 10 102 103 -1 128 69 -1 90 39 119 84 116 77 43 124 76 1 25 15 123 95 109 107 113 68 59 28 33 67 106 63 125 22 88 110 62 101 21 64 98 8 94 53
82940 25 31 42 121 -1 22 97 70 106 128 79 10 102 103 -1 69 90 -1 113 39 119 84 116 77 43 67 76 1 33 66 123 95 109 107 82 81 59 28 53 68 21 85 125 131 88 63 110 101 62 64 98 8 94 124
82940 25 31 42 121 -1 22 97 70 106 128 79 10 102 103 -1 69 90 -1 113 39 119 84 116 77 43 67 76 1 33 66 123 95 109 107 82 81 59 28 53 68 21 85 125 131 88 63 110 101 62 64 98 8 94 124
82940 25 31 42 121 -1 22 97 70 106 128 79 10 102 103 -1 69 90 -1 113 39 119 84 116 77 43 67 76 1 33 66 123 95 109 107 82 81 59 28 53 68 21 85 125 131 88 63 110 101 62 64 98 8 94 124
82940 25 31 42 121 -1 22 97 70 106 128 79 10 102 103 -1 69 90 -1 113 39 119 84 116 77 43 67 76 1 33 66 123 95 109 107 82 81 59 28 53 68 21 85 125 131 88 63 110 101 62 64 98 8 94 124
82940 25 31 42 121 -1 22 97 70 106 128 79 10 102 103 -1 69 90 -1 113 39 119 84 116 77 43 67 76 1 33 66 123 95 109 107 82 81 59 28 53 68 21 85 125 131 88 63 110 101 62 64 98 8 94 124
82940 25 31 42 121 -1 22 97 70 106 128 79 10 102 103 -1 69 90 -1 113 39 119 84 116 77 43 67 76 1 33 66 123 95 109 107 82 81 59 28 53 68 21 85 125 131 88 63 110 101 62 64 98 8 94 124
82940 25 31 42 121 -1 22 97 70 106 128 79 10 102 103 -1 69 90 -1 113 39 119 84 116 77 43 67 76 1 33 66 123 95 109 107 82 81 59 28 53 68 21 85 125 131 88 63 110 101 62 64 98 8 94 124
82940 25 31 42 121 -1 22 97 70 106 128 79 10 102 103 -1 69 90 -1 113 39 119 84 116 77 43 67 76 1 33 66 123 95 109 107 82 81 59 28 53 68 21 85 125 131 88 63 110 101 62 64 98 8 94 124
82940 25 31 42 121 -1 22 97 70 106 128 79 10 102 103 -1 69 90 -1 113 39 119 84 116 77 43 67 76 1 33 66 123 95 109 107 82 81 59 28 53 68 21 85 125 131 88 63 110 101 62 64 98 8 94 124
83134 25 31 42 121 -1 22 97 70 106 128 119 10 102 94 -1 69 90 -1 113 103 39 79 116 77 43 67 76 1 33 66 123 95 109 107 82 81 59 28 53 68 21 85 125 131 88 63 110 101 62 64 84 8 140 124
83409 25 31 42 121 -1 22 97 70 106 128 79 10 102 103 -1 69 90 -1 113 39 119 84 140 77 43 67 76 1 33 66 123 95 109 107 82 81 59 28 53 68 21 85 125 131 88 63 110 101 62 64 141 8 94 124
83409 25 31 42 121 -1 22 97 70 106 128 79 10 102 103 -1 69 90 -1 113 39 119 84 140 77 43 67 76 1 33 66 123 95 109 107 82 81 59 28 53 68 21 85 125 131 88 63 110 101 62 64 141 8 94 124
83469 25 31 42 121 -1 22 106 70 143 128 79 10 102 103 -1 69 113 -1 82 39 119 84 140 77 43 67 76 1 33 66 123 95 109 107 97 81 59 28 53 68 21 85 125 131 88 63 110 101 62 64 141 8 94 124
83772 25 31 42 70 -1 22 106 140 143 128 79 10 123 39 -1 69 113 -1 82 119 144 84 94 77 43 67 101 1 33 66 28 95 109 76 97 81 59 88 53 68 21 85 125 131 121 63 110 102 62 64 141 8 103 124
