14744 -1 -1 -1 -1 -1 -1 -1 -1 -1 -1 -1 -1 -1 -1 -1 -1 -1 -1 -1 -1 -1 -1 -1 -1 -1 -1 -1 -1 -1
16412 -1 -1 -1 -1 -1 -1 -1 -1 -1 -1 0 -1 -1 -1 -1 -1 -1 -1 -1 -1 -1 -1 -1 -1 -1 -1 -1 -1 -1
16412 -1 -1 -1 -1 -1 -1 -1 -1 -1 -1 0 -1 -1 -1 -1 -1 -1 -1 -1 -1 -1 -1 -1 -1 -1 -1 -1 -1 -1
17373 -1 -1 -1 -1 -1 -1 -1 -1 -1 -1 2 -1 -1 -1 -1 -1 -1 -1 -1 0 -1 -1 -1 -1 -1 -1 -1 -1 -1
18466 -1 -1 -1 -1 -1 -1 -1 -1 -1 -1 2 -1 -1 -1 -1 -1 -1 -1 -1 0 -1 -1 -1 3 -1 -1 -1 -1 -1
18936 -1 -1 -1 -1 -1 -1 -1 -1 -1 -1 2 -1 -1 4 -1 -1 -1 -1 -1 0 -1 -1 -1 3 -1 -1 -1 -1 -1
20091 -1 2 -1 -1 -1 -1 -1 -1 -1 -1 3 -1 -1 4 -1 -1 -1 -1 -1 0 -1 -1 -1 5 -1 -1 -1 -1 -1
20091 -1 2 -1 -1 -1 -1 -1 -1 -1 -1 3 -1 -1 4 -1 -1 -1 -1 -1 0 -1 -1 -1 5 -1 -1 -1 -1 -1
20091 -1 2 -1 -1 -1 -1 -1 -1 -1 -1 3 -1 -1 4 -1 -1 -1 -1 -1 0 -1 -1 -1 5 -1 -1 -1 -1 -1
21336 -1 2 -1 4 -1 -1 -1 -1 -1 -1 3 -1 -1 5 -1 -1 -1 -1 -1 0 -1 -1 -1 8 -1 -1 -1 -1 -1
21336 -1 2 -1 4 -1 -1 -1 -1 -1 -1 3 -1 -1 5 -1 -1 -1 -1 -1 0 -1 -1 -1 8 -1 -1 -1 -1 -1
22307 -1 2 -1 4 -1 -1 -1 -1 -1 -1 3 -1 -1 10 -1 -1 -1 -1 -1 0 -1 -1 5 8 -1 -1 -1 -1 -1
23024 4 2 -1 11 -1 -1 -1 -1 -1 -1 3 -1 -1 10 -1 -1 -1 -1 -1 0 -1 -1 5 8 -1 -1 -1 -1 -1
23024 4 2 -1 11 -1 -1 -1 -1 -1 -1 3 -1 -1 10 -1 -1 -1 -1 -1 0 -1 -1 5 8 -1 -1 -1 -1 -1
23702 4 2 -1 11 -1 -1 -1 -1 -1 -1 3 -1 -1 10 -1 13 -1 -1 -1 0 -1 -1 5 8 -1 -1 -1 -1 -1
23942 14 2 -1 11 -1 -1 -1 -1 -1 -1 3 -1 -1 4 -1 13 -1 -1 -1 0 -1 -1 10 5 8 -1 -1 -1 -1
23994 14 2 -1 11 -1 -1 -1 -1 -1 -1 3 -1 -1 15 -1 13 -1 -1 -1 0 -1 -1 10 5 8 4 -1 -1 -1
23994 14 2 -1 11 -1 -1 -1 -1 -1 -1 3 -1 -1 15 -1 13 -1 -1 -1 0 -1 -1 10 5 8 4 -1 -1 -1
25256 14 2 -1 11 -1 -1 -1 -1 -1 -1 3 -1 -1 4 -1 13 -1 -1 -1 0 -1 -1 5 17 8 10 -1 -1 -1
25826 14 2 -1 11 -1 -1 -1 -1 -1 -1 3 -1 -1 4 -1 13 -1 -1 18 0 -1 -1 5 17 8 10 -1 -1 -1
27371 14 2 -1 11 -1 -1 -1 -1 0 -1 3 -1 -1 4 -1 13 -1 -1 18 19 -1 -1 5 17 8 10 -1 -1 -1
28042 4 2 -1 11 -1 -1 -1 -1 0 -1 3 -1 -1 20 -1 13 -1 -1 18 19 -1 14 5 17 8 10 -1 -1 -1
28042 4 2 -1 11 -1 -1 -1 -1 0 -1 3 -1 -1 20 -1 13 -1 -1 18 19 -1 14 5 17 8 10 -1 -1 -1
28556 4 2 -1 11 -1 -1 -1 -1 0 8 3 -1 -1 20 -1 13 -1 -1 18 19 -1 14 5 22 17 10 -1 -1 -1
28852 4 2 -1 11 -1 -1 -1 -1 0 8 3 -1 -1 20 -1 13 -1 -1 18 19 -1 23 5 22 17 10 -1 -1 -1
29391 20 2 -1 11 -1 -1 -1 -1 0 8 3 -1 -1 10 -1 13 -1 -1 18 19 -1 23 5 22 17 24 -1 -1 -1
30501 20 2 19 11 -1 -1 -1 -1 0 8 3 -1 -1 10 -1 13 -1 -1 18 25 -1 23 5 22 17 24 -1 -1 -1
30846 10 26 19 11 -1 -1 -1 -1 0 3 2 -1 -1 24 -1 13 -1 -1 18 25 -1 23 22 17 8 5 -1 20 -1
31694 24 26 19 11 -1 -1 -1 -1 0 3 2 -1 -1 5 -1 13 -1 -1 18 25 -1 23 27 17 8 22 20 10 -1
32206 24 28 19 11 -1 -1 -1 -1 0 2 26 -1 -1 5 22 13 -1 -1 18 25 -1 23 17 8 3 27 20 10 -1
32206 24 28 19 11 -1 -1 -1 -1 0 2 26 -1 -1 5 22 13 -1 -1 18 25 -1 23 17 8 3 27 20 10 -1
32206 24 28 19 11 -1 -1 -1 -1 0 2 26 -1 -1 5 22 13 -1 -1 18 25 -1 23 17 8 3 27 20 10 -1
32206 24 28 19 11 -1 -1 -1 -1 0 2 26 -1 -1 5 22 13 -1 -1 18 25 -1 23 17 8 3 27 20 10 -1
32206 24 28 19 11 -1 -1 -1 -1 0 2 26 -1 -1 5 22 13 -1 -1 18 25 -1 23 17 8 3 27 20 10 -1
32206 24 28 19 11 -1 -1 -1 -1 0 2 26 -1 -1 5 22 13 -1 -1 18 25 -1 23 17 8 3 27 20 10 -1
33093 5 0 34 11 -1 -1 23 -1 19 26 28 -1 -1 22 27 13 -1 -1 18 25 -1 20 8 3 2 17 10 24 -1
33867 22 19 25 11 -1 -1 23 -1 34 28 0 -1 -1 27 17 13 5 -1 18 35 -1 20 3 2 26 8 10 24 -1
33867 22 19 25 11 -1 -1 23 -1 34 28 0 -1 -1 27 17 13 5 -1 18 35 -1 20 3 2 26 8 10 24 -1
33867 22 19 25 11 -1 -1 23 -1 34 28 0 -1 -1 27 17 13 5 -1 18 35 -1 20 3 2 26 8 10 24 -1
34410 22 19 25 11 -1 -1 23 -1 34 28 0 26 -1 27 38 13 5 -1 18 35 -1 20 8 3 2 17 10 24 -1
34752 22 19 25 11 -1 -1 23 -1 34 28 0 26 -1 27 39 13 5 -1 38 35 -1 20 8 3 2 17 10 24 -1
35151 22 19 25 11 -1 -1 20 -1 34 28 0 26 -1 27 39 13 5 -1 38 35 -1 10 8 3 2 17 24 40 -1
35151 22 19 25 11 -1 -1 20 -1 34 28 0 26 -1 27 39 13 5 -1 38 35 -1 10 8 3 2 17 24 40 -1
35336 5 19 25 11 -1 -1 20 -1 34 28 0 26 -1 22 38 13 40 -1 27 35 -1 10 17 8 3 39 24 42 -1
35372 5 43 25 11 -1 -1 20 -1 34 0 19 28 -1 22 38 13 40 -1 27 35 -1 10 17 8 3 39 24 42 -1
35375 22 43 25 11 20 -1 10 -1 34 0 19 28 -1 44 38 13 5 -1 27 35 -1 24 17 8 3 39 40 42 -1
35936 22 34 45 11 20 -1 10 -1 25 19 43 0 -1 27 39 13 5 -1 38 35 -1 24 8 3 28 17 40 42 -1
36468 22 25 35 11 20 -1 10 -1 45 19 34 0 -1 27 39 13 5 -1 38 46 -1 24 8 3 28 17 40 42 -1
36468 22 25 35 11 20 -1 10 -1 45 19 34 0 -1 27 39 13 5 -1 38 46 -1 24 8 3 28 17 40 42 -1
36468 22 25 35 11 20 -1 10 -1 45 19 34 0 -1 27 39 13 5 -1 38 46 -1 24 8 3 28 17 40 42 -1
37220 27 45 46 11 20 -1 10 -1 35 34 25 19 -1 38 17 13 5 -1 39 49 -1 24 3 28 0 8 40 42 -1
37278 38 45 46 5 20 -1 10 -1 35 34 25 19 -1 39 17 13 27 -1 50 49 -1 24 3 28 0 8 40 42 -1
37278 38 45 46 5 20 -1 10 -1 35 34 25 19 -1 39 17 13 27 -1 50 49 -1 24 3 28 0 8 40 42 -1
37612 38 45 46 52 10 20 24 -1 35 34 25 19 -1 39 17 13 27 -1 50 49 -1 40 3 28 0 8 5 42 -1
37863 38 45 46 52 24 10 53 -1 35 34 25 19 -1 39 17 13 27 20 50 49 -1 40 3 28 0 8 5 42 -1
37863 38 45 46 52 24 10 53 -1 35 34 25 19 -1 39 17 13 27 20 50 49 -1 40 3 28 0 8 5 42 -1
37863 38 45 46 52 24 10 53 -1 35 34 25 19 -1 39 17 13 27 20 50 49 -1 40 3 28 0 8 5 42 -1
37863 38 45 46 52 24 10 53 -1 35 34 25 19 -1 39 17 13 27 20 50 49 -1 40 3 28 0 8 5 42 -1
37863 38 45 46 52 24 10 53 -1 35 34 25 19 -1 39 17 13 27 20 50 49 -1 40 3 28 0 8 5 42 -1
38133 38 45 46 52 24 10 53 39 35 34 25 19 -1 17 8 13 27 20 50 49 -1 40 28 58 0 3 5 42 -1
38133 38 45 46 52 24 10 53 39 35 34 25 19 -1 17 8 13 27 20 50 49 -1 40 28 58 0 3 5 42 -1
38133 38 45 46 52 24 10 53 39 35 34 25 19 -1 17 8 13 27 20 50 49 -1 40 28 58 0 3 5 42 -1
38133 38 45 46 52 24 10 53 39 35 34 25 19 -1 17 8 13 27 20 50 49 -1 40 28 58 0 3 5 42 -1
38133 38 45 46 52 24 10 53 39 35 34 25 19 -1 17 8 13 27 20 50 49 -1 40 28 58 0 3 5 42 -1
