23059 -1 -1 -1 -1 -1 -1 -1 -1 -1 -1 -1 -1 -1 -1 -1 -1 -1 -1 -1 -1 -1 -1 -1 -1 -1 -1 -1 -1 -1 -1 -1 -1 -1 -1 -1 -1 -1 -1 -1 -1 -1 -1 -1 -1 -1 -1
24313 -1 -1 -1 -1 -1 -1 -1 -1 -1 -1 -1 -1 -1 -1 -1 -1 -1 -1 -1 -1 -1 -1 -1 -1 -1 0 -1 -1 -1 -1 -1 -1 -1 -1 -1 -1 -1 -1 -1 -1 -1 -1 -1 -1 -1 -1
25369 -1 -1 -1 -1 -1 -1 -1 -1 -1 -1 -1 1 -1 -1 -1 -1 -1 -1 -1 -1 -1 -1 -1 -1 -1 0 -1 -1 -1 -1 -1 -1 -1 -1 -1 -1 -1 -1 -1 -1 -1 -1 -1 -1 -1 -1
25369 -1 -1 -1 -1 -1 -1 -1 -1 -1 -1 -1 1 -1 -1 -1 -1 -1 -1 -1 -1 -1 -1 -1 -1 -1 0 -1 -1 -1 -1 -1 -1 -1 -1 -1 -1 -1 -1 -1 -1 -1 -1 -1 -1 -1 -1
25369 -1 -1 -1 -1 -1 -1 -1 -1 -1 -1 -1 1 -1 -1 -1 -1 -1 -1 -1 -1 -1 -1 -1 -1 -1 0 -1 -1 -1 -1 -1 -1 -1 -1 -1 -1 -1 -1 -1 -1 -1 -1 -1 -1 -1 -1
27939 -1 -1 -1 -1 -1 -1 -1 -1 -1 -1 4 1 -1 -1 -1 -1 -1 -1 -1 -1 -1 -1 -1 -1 -1 0 -1 -1 -1 -1 -1 -1 -1 -1 -1 -1 -1 -1 -1 -1 -1 -1 -1 -1 -1 -1
28158 -1 -1 -1 -1 -1 -1 -1 -1 -1 -1 4 5 -1 -1 -1 -1 -1 -1 1 -1 -1 -1 -1 -1 -1 0 -1 -1 -1 -1 -1 -1 -1 -1 -1 -1 -1 -1 -1 -1 -1 -1 -1 -1 -1 -1
30023 -1 -1 -1 -1 -1 -1 -1 -1 -1 -1 6 5 -1 -1 -1 -1 -1 -1 1 -1 -1 -1 -1 -1 -1 0 -1 -1 -1 -1 -1 -1 -1 -1 -1 -1 -1 -1 -1 -1 -1 -1 4 -1 -1 -1
30254 -1 -1 -1 1 -1 -1 -1 -1 -1 -1 6 5 -1 -1 -1 -1 -1 -1 7 -1 -1 -1 -1 -1 -1 0 -1 -1 -1 -1 -1 -1 -1 -1 -1 -1 -1 -1 -1 -1 -1 -1 4 -1 -1 -1
30693 -1 -1 -1 8 -1 -1 -1 -1 -1 -1 6 5 -1 -1 -1 -1 -1 -1 7 -1 -1 -1 -1 -1 -1 0 -1 -1 -1 -1 -1 -1 -1 -1 -1 -1 -1 1 -1 -1 -1 -1 4 -1 -1 -1
33028 -1 -1 -1 8 -1 -1 -1 -1 -1 -1 9 5 -1 -1 -1 -1 -1 -1 7 -1 -1 -1 -1 -1 -1 6 -1 -1 -1 -1 -1 -1 -1 -1 -1 -1 -1 1 -1 -1 -1 -1 4 0 -1 -1
33028 -1 -1 -1 8 -1 -1 -1 -1 -1 -1 9 5 -1 -1 -1 -1 -1 -1 7 -1 -1 -1 -1 -1 -1 6 -1 -1 -1 -1 -1 -1 -1 -1 -1 -1 -1 1 -1 -1 -1 -1 4 0 -1 -1
33028 -1 -1 -1 8 -1 -1 -1 -1 -1 -1 9 5 -1 -1 -1 -1 -1 -1 7 -1 -1 -1 -1 -1 -1 6 -1 -1 -1 -1 -1 -1 -1 -1 -1 -1 -1 1 -1 -1 -1 -1 4 0 -1 -1
33028 -1 -1 -1 8 -1 -1 -1 -1 -1 -1 9 5 -1 -1 -1 -1 -1 -1 7 -1 -1 -1 -1 -1 -1 6 -1 -1 -1 -1 -1 -1 -1 -1 -1 -1 -1 1 -1 -1 -1 -1 4 0 -1 -1
34989 -1 -1 -1 1 -1 -1 -1 -1 -1 -1 9 0 -1 -1 -1 -1 -1 -1 7 -1 -1 -1 -1 -1 -1 6 -1 -1 -1 -1 -1 -1 -1 -1 -1 -1 -1 5 -1 -1 8 -1 4 13 -1 -1
36668 -1 -1 -1 1 -1 -1 -1 -1 -1 -1 9 0 -1 -1 -1 -1 -1 -1 7 -1 -1 -1 -1 -1 -1 6 -1 -1 -1 -1 -1 -1 -1 -1 -1 -1 -1 5 -1 -1 8 -1 4 14 -1 13
38437 -1 -1 -1 1 -1 -1 -1 -1 -1 -1 15 0 13 -1 -1 -1 -1 -1 7 -1 -1 -1 -1 -1 -1 9 -1 -1 -1 -1 -1 -1 -1 -1 -1 -1 -1 5 -1 -1 8 -1 4 14 -1 6
38539 -1 -1 -1 1 -1 -1 -1 -1 -1 -1 15 0 13 -1 -1 -1 -1 -1 7 -1 -1 -1 -1 -1 -1 16 -1 -1 -1 -1 9 -1 -1 -1 -1 -1 -1 5 -1 -1 8 -1 4 14 -1 6
39147 -1 -1 -1 1 -1 -1 -1 -1 -1 -1 15 0 13 -1 -1 -1 -1 -1 7 -1 -1 -1 -1 -1 -1 16 -1 -1 -1 -1 9 -1 -1 -1 -1 -1 -1 17 5 -1 8 -1 4 14 -1 6
39761 -1 -1 -1 1 -1 -1 -1 -1 -1 -1 15 18 14 -1 -1 -1 -1 -1 7 -1 -1 -1 -1 -1 -1 16 -1 -1 -1 -1 9 -1 13 -1 -1 -1 -1 17 5 -1 8 -1 4 0 -1 6
40016 -1 -1 -1 1 -1 -1 -1 -1 -1 -1 15 18 14 -1 -1 -1 -1 -1 7 -1 -1 -1 -1 -1 19 16 -1 -1 -1 -1 9 -1 13 -1 -1 -1 -1 17 5 -1 8 -1 4 0 -1 6
40016 -1 -1 -1 1 -1 -1 -1 -1 -1 -1 15 18 14 -1 -1 -1 -1 -1 7 -1 -1 -1 -1 -1 19 16 -1 -1 -1 -1 9 -1 13 -1 -1 -1 -1 17 5 -1 8 -1 4 0 -1 6
41113 -1 -1 -1 1 -1 -1 -1 -1 -1 -1 4 18 14 -1 -1 -1 -1 -1 7 -1 -1 -1 -1 -1 19 9 -1 -1 -1 -1 15 -1 13 -1 -1 -1 -1 17 5 -1 8 -1 21 0 -1 6
41125 -1 -1 -1 1 -1 -1 -1 -1 -1 -1 4 18 14 -1 -1 -1 -1 -1 7 -1 -1 -1 9 -1 19 15 -1 -1 -1 -1 22 -1 13 -1 -1 -1 -1 17 5 -1 8 -1 21 0 -1 6
42201 -1 -1 -1 5 8 -1 -1 -1 -1 -1 4 0 14 -1 -1 -1 -1 -1 7 -1 -1 -1 9 -1 19 15 -1 -1 -1 -1 22 -1 13 -1 -1 -1 -1 18 17 -1 1 -1 21 23 -1 6
43157 -1 -1 -1 5 8 -1 -1 -1 -1 -1 4 0 23 -1 -1 -1 -1 -1 7 -1 -1 -1 6 -1 19 9 -1 -1 -1 -1 15 -1 14 -1 -1 -1 -1 18 17 -1 1 -1 21 24 -1 13
43997 -1 -1 -1 5 8 -1 -1 18 -1 -1 4 0 23 -1 -1 -1 -1 -1 7 -1 -1 -1 6 -1 19 9 -1 -1 -1 -1 15 -1 14 -1 -1 -1 -1 17 25 -1 1 -1 21 24 -1 13
44903 -1 -1 -1 5 1 -1 -1 18 -1 -1 4 0 23 -1 -1 -1 -1 -1 7 -1 -1 -1 6 -1 19 9 -1 -1 -1 -1 15 -1 14 -1 -1 -1 8 17 25 -1 26 -1 21 24 -1 13
46252 -1 -1 -1 25 1 -1 -1 0 -1 -1 4 24 14 -1 -1 -1 -1 -1 7 -1 -1 -1 9 -1 19 15 -1 -1 -1 -1 27 -1 13 -1 -1 -1 8 18 17 -1 26 -1 21 23 -1 6
47053 -1 -1 -1 25 1 0 -1 24 -1 -1 4 28 14 -1 -1 -1 -1 -1 7 -1 -1 -1 9 -1 19 15 -1 -1 -1 -1 27 -1 13 -1 -1 -1 8 18 17 -1 26 -1 21 23 -1 6
48513 -1 -1 -1 25 1 0 -1 24 -1 23 4 28 13 -1 -1 -1 -1 -1 7 -1 -1 -1 9 -1 19 15 -1 -1 -1 -1 27 -1 29 -1 -1 -1 8 18 17 -1 26 -1 21 14 -1 6
49286 -1 -1 -1 25 1 24 -1 30 -1 23 4 28 13 -1 -1 -1 -1 -1 7 -1 -1 -1 9 -1 19 15 -1 -1 -1 -1 27 -1 29 -1 -1 -1 8 0 17 18 26 -1 21 14 -1 6
50598 -1 -1 -1 17 26 30 -1 28 -1 14 4 23 31 -1 -1 -1 -1 -1 7 -1 -1 -1 9 8 19 15 -1 -1 -1 -1 27 -1 29 -1 -1 -1 1 24 18 0 25 -1 21 13 -1 6
50598 -1 -1 -1 17 26 30 -1 28 -1 14 4 23 31 -1 -1 -1 -1 -1 7 -1 -1 -1 9 8 19 15 -1 -1 -1 -1 27 -1 29 -1 -1 -1 1 24 18 0 25 -1 21 13 -1 6
50598 -1 -1 -1 17 26 30 -1 28 -1 14 4 23 31 -1 -1 -1 -1 -1 7 -1 -1 -1 9 8 19 15 -1 -1 -1 -1 27 -1 29 -1 -1 -1 1 24 18 0 25 -1 21 13 -1 6
50598 -1 -1 -1 17 26 30 -1 28 -1 14 4 23 31 -1 -1 -1 -1 -1 7 -1 -1 -1 9 8 19 15 -1 -1 -1 -1 27 -1 29 -1 -1 -1 1 24 18 0 25 -1 21 13 -1 6
51340 -1 -1 -1 17 26 28 -1 35 -1 14 4 23 31 -1 -1 -1 -1 -1 7 -1 -1 -1 9 8 19 15 -1 0 -1 -1 27 -1 29 -1 -1 -1 1 30 18 24 25 -1 21 13 -1 6
51910 -1 -1 -1 17 26 28 -1 35 -1 14 4 23 31 -1 -1 -1 -1 -1 1 -1 -1 -1 9 8 19 15 -1 0 -1 -1 27 -1 29 -1 -1 -1 36 30 18 24 25 -1 21 13 -1 6
52478 -1 -1 -1 17 26 35 -1 23 -1 13 4 14 29 -1 -1 -1 -1 -1 1 -1 -1 -1 9 8 19 15 0 24 -1 -1 27 -1 37 -1 -1 -1 36 28 18 30 25 -1 21 31 -1 6
52897 -1 -1 -1 25 26 35 -1 23 -1 13 4 14 29 -1 -1 -1 -1 -1 1 -1 -1 -1 9 8 0 15 18 24 -1 -1 27 -1 37 -1 -1 -1 36 28 17 30 38 -1 21 31 -1 6
52897 -1 -1 -1 25 26 35 -1 23 -1 13 4 14 29 -1 -1 -1 -1 -1 1 -1 -1 -1 9 8 0 15 18 24 -1 -1 27 -1 37 -1 -1 -1 36 28 17 30 38 -1 21 31 -1 6
53418 -1 1 -1 17 38 23 -1 14 -1 13 4 40 29 -1 -1 -1 -1 -1 26 -1 -1 -1 9 8 24 15 0 30 -1 -1 27 -1 37 -1 -1 -1 36 35 18 28 25 -1 21 31 -1 6
53602 -1 1 -1 17 38 41 -1 23 -1 40 4 14 29 -1 -1 -1 -1 -1 26 -1 -1 -1 9 8 24 15 0 30 -1 -1 27 13 37 -1 -1 -1 36 35 18 28 25 -1 21 31 -1 6
53614 -1 1 -1 17 38 41 42 23 -1 40 4 14 29 -1 -1 -1 -1 -1 26 -1 -1 -1 9 8 24 15 0 30 -1 -1 27 13 37 -1 -1 -1 36 35 18 28 25 -1 21 31 -1 6
53614 -1 1 -1 17 38 41 42 23 -1 40 4 14 29 -1 -1 -1 -1 -1 26 -1 -1 -1 9 8 24 15 0 30 -1 -1 27 13 37 -1 -1 -1 36 35 18 28 25 -1 21 31 -1 6
54967 -1 1 -1 17 38 23 42 14 41 13 44 40 37 -1 -1 -1 -1 -1 26 -1 -1 -1 15 8 24 27 0 30 -1 -1 4 31 6 -1 -1 -1 36 35 18 28 25 -1 21 29 -1 9
55440 -1 1 -1 17 38 23 42 14 41 13 44 40 37 -1 -1 -1 -1 18 26 -1 -1 -1 15 8 30 27 24 28 -1 -1 4 31 6 -1 -1 -1 36 45 0 35 25 -1 21 29 -1 9
55440 -1 1 -1 17 38 23 42 14 41 13 44 40 37 -1 -1 -1 -1 18 26 -1 -1 -1 15 8 30 27 24 28 -1 -1 4 31 6 -1 -1 -1 36 45 0 35 25 -1 21 29 -1 9
55831 -1 26 36 18 25 23 42 14 41 13 44 40 37 -1 -1 -1 -1 0 38 -1 -1 -1 15 8 28 27 30 35 -1 -1 4 31 6 -1 -1 -1 1 47 24 45 17 -1 21 29 -1 9
56294 -1 48 1 18 25 23 42 14 41 13 44 40 37 -1 -1 -1 -1 0 38 -1 -1 -1 15 8 28 27 30 35 -1 -1 4 31 6 -1 -1 -1 26 47 24 45 17 -1 21 29 36 9
56681 -1 48 1 18 25 41 42 23 47 13 44 14 37 -1 -1 -1 -1 49 38 -1 -1 -1 15 8 30 27 24 28 -1 -1 4 31 6 -1 40 -1 26 45 0 35 17 -1 21 29 36 9
56681 -1 48 1 18 25 41 42 23 47 13 44 14 37 -1 -1 -1 -1 49 38 -1 -1 -1 15 8 30 27 24 28 -1 -1 4 31 6 -1 40 -1 26 45 0 35 17 -1 21 29 36 9
57704 -1 48 1 18 25 23 42 14 41 31 44 40 51 -1 -1 -1 -1 49 38 -1 -1 -1 15 8 30 27 24 28 -1 -1 4 29 6 -1 13 45 26 47 0 35 17 -1 21 37 36 9
57704 -1 48 1 18 25 23 42 14 41 31 44 40 51 -1 -1 -1 -1 49 38 -1 -1 -1 15 8 30 27 24 28 -1 -1 4 29 6 -1 13 45 26 47 0 35 17 -1 21 37 36 9
57704 -1 48 1 18 25 23 42 14 41 31 44 40 51 -1 -1 -1 -1 49 38 -1 -1 -1 15 8 30 27 24 28 -1 -1 4 29 6 -1 13 45 26 47 0 35 17 -1 21 37 36 9
58628 -1 38 1 49 17 54 42 14 23 31 44 40 51 -1 -1 -1 -1 0 25 26 -1 -1 15 8 28 27 30 35 -1 -1 4 29 6 -1 13 47 48 41 24 45 18 -1 21 37 36 9
58628 -1 38 1 49 17 54 42 14 23 31 44 40 51 -1 -1 -1 -1 0 25 26 -1 -1 15 8 28 27 30 35 -1 -1 4 29 6 -1 13 47 48 41 24 45 18 -1 21 37 36 9
58628 -1 38 1 49 17 54 42 14 23 31 44 40 51 -1 -1 -1 -1 0 25 26 -1 -1 15 8 28 27 30 35 -1 -1 4 29 6 -1 13 47 48 41 24 45 18 -1 21 37 36 9
59144 -1 25 1 0 18 54 26 14 23 31 44 40 51 -1 -1 -1 -1 24 17 48 -1 -1 15 8 28 27 30 35 -1 -1 4 29 6 -1 13 47 38 41 57 45 49 -1 21 37 36 9
59144 -1 25 1 0 18 54 26 14 23 31 44 40 51 -1 -1 -1 -1 24 17 48 -1 -1 15 8 28 27 30 35 -1 -1 4 29 6 -1 13 47 38 41 57 45 49 -1 21 37 36 9
59422 -1 38 1 49 17 54 26 14 23 31 44 40 51 -1 -1 -1 -1 0 25 59 -1 -1 15 8 30 27 57 28 -1 -1 4 29 6 -1 13 45 48 47 24 35 18 -1 21 37 36 9
59422 -1 38 1 49 17 54 26 14 23 31 44 40 51 -1 -1 -1 -1 0 25 59 -1 -1 15 8 30 27 57 28 -1 -1 4 29 6 -1 13 45 48 47 24 35 18 -1 21 37 36 9
59780 -1 38 1 49 17 54 26 14 23 31 44 40 51 -1 -1 -1 -1 0 25 59 -1 -1 15 61 30 27 57 28 -1 -1 4 29 6 -1 13 45 48 47 24 35 18 -1 21 37 36 9
60347 -1 38 1 18 62 54 26 14 23 31 44 40 51 -1 -1 -1 -1 49 25 59 -1 -1 15 61 30 27 57 28 -1 -1 4 29 6 -1 13 45 48 47 24 35 17 -1 21 37 36 9
60347 -1 38 1 18 62 54 26 14 23 31 44 40 51 -1 -1 -1 -1 49 25 59 -1 -1 15 61 30 27 57 28 -1 -1 4 29 6 -1 13 45 48 47 24 35 17 -1 21 37 36 9
61056 -1 38 1 18 62 54 26 14 23 29 44 13 64 -1 -1 -1 -1 49 25 59 -1 40 15 61 30 27 57 28 -1 -1 4 37 6 -1 31 45 48 47 24 35 17 -1 21 51 36 9
61056 -1 38 1 18 62 54 26 14 23 29 44 13 64 -1 -1 -1 -1 49 25 59 -1 40 15 61 30 27 57 28 -1 -1 4 37 6 -1 31 45 48 47 24 35 17 -1 21 51 36 9
61318 -1 38 1 49 62 54 26 14 23 29 44 13 64 -1 -1 -1 -1 24 25 59 -1 40 15 61 28 27 30 35 -1 -1 4 37 6 -1 31 47 48 66 57 45 17 -1 21 51 36 9
61318 -1 38 1 49 62 54 26 14 23 29 44 13 64 -1 -1 -1 -1 24 25 59 -1 40 15 61 28 27 30 35 -1 -1 4 37 6 -1 31 47 48 66 57 45 17 -1 21 51 36 9
61883 -1 38 1 49 62 54 26 14 23 29 44 13 64 -1 -1 -1 -1 24 25 59 -1 40 15 61 28 27 30 35 -1 -1 4 37 6 -1 31 47 48 66 57 45 68 -1 21 51 36 9
62044 -1 69 1 49 25 54 26 14 23 29 44 13 64 -1 -1 -1 -1 24 38 59 -1 40 15 61 28 27 30 35 -1 62 4 37 6 -1 31 47 48 66 57 45 68 -1 21 51 36 9
62060 -1 48 36 68 38 54 1 14 23 29 44 13 64 -1 -1 -1 -1 49 69 26 -1 40 15 70 28 27 30 35 24 25 4 37 6 -1 31 47 59 66 57 45 62 -1 21 51 61 9
62372 -1 48 1 68 38 54 26 14 23 29 44 13 64 -1 -1 -1 -1 49 69 59 -1 40 15 61 28 27 30 35 24 25 4 37 6 -1 31 47 71 66 57 45 62 -1 21 51 36 9
62724 -1 69 1 72 25 54 26 14 23 29 44 13 64 -1 59 -1 -1 49 38 48 -1 40 15 61 28 27 30 35 24 62 4 37 6 -1 31 47 71 66 57 45 68 -1 21 51 36 9
62724 -1 69 1 72 25 54 26 14 23 29 44 13 64 -1 59 -1 -1 49 38 48 -1 40 15 61 28 27 30 35 24 62 4 37 6 -1 31 47 71 66 57 45 68 -1 21 51 36 9
63243 -1 69 1 49 62 14 26 74 54 29 44 13 64 -1 59 -1 -1 24 25 48 -1 40 15 61 35 27 28 45 57 68 4 37 6 -1 31 66 71 23 30 47 72 -1 21 51 36 9
63931 -1 69 1 49 62 54 26 14 23 31 44 40 64 -1 59 -1 -1 24 25 48 -1 74 15 61 35 27 28 45 57 68 4 29 6 -1 13 66 71 75 30 47 72 -1 21 51 36 9
64009 -1 69 1 24 62 54 26 14 23 31 44 40 64 -1 59 -1 -1 57 25 48 -1 74 15 61 35 27 76 45 30 68 4 29 6 72 13 66 71 75 28 47 49 -1 21 51 36 9
64418 -1 69 1 24 62 23 26 54 75 31 44 74 64 -1 59 -1 -1 57 25 48 -1 14 15 61 35 27 76 45 30 68 4 29 6 72 13 66 71 77 28 47 49 -1 21 51 36 9
64791 -1 25 1 24 68 23 26 54 75 31 44 74 64 -1 59 -1 -1 57 62 48 -1 14 15 61 35 27 76 45 30 78 4 29 6 72 13 66 71 77 28 47 49 -1 21 51 36 9
64791 -1 25 1 24 68 23 26 54 75 31 44 74 64 -1 59 -1 -1 57 62 48 -1 14 15 61 35 27 76 45 30 78 4 29 6 72 13 66 71 77 28 47 49 -1 21 51 36 9
65151 -1 25 1 49 62 23 26 54 75 31 44 74 64 -1 59 -1 -1 24 80 48 -1 14 15 61 28 27 76 35 57 68 4 29 6 78 13 66 71 77 30 45 72 -1 21 51 36 9
65151 -1 25 1 49 62 23 26 54 75 31 44 74 64 -1 59 -1 -1 24 80 48 -1 14 15 61 28 27 76 35 57 68 4 29 6 78 13 66 71 77 30 45 72 -1 21 51 36 9
65459 -1 25 1 82 62 23 26 54 75 31 44 74 64 -1 59 -1 -1 49 80 48 24 14 15 61 28 27 76 35 57 68 4 29 6 78 13 66 71 77 30 45 72 -1 21 51 36 9
65611 -1 25 36 82 62 23 1 54 75 31 44 74 64 -1 26 -1 -1 49 80 48 24 14 15 83 28 27 76 35 57 68 4 29 6 78 13 66 71 77 30 45 72 -1 21 51 61 9
65611 -1 25 36 82 62 23 1 54 75 31 44 74 64 -1 26 -1 -1 49 80 48 24 14 15 83 28 27 76 35 57 68 4 29 6 78 13 66 71 77 30 45 72 -1 21 51 61 9
65878 -1 25 36 82 62 54 1 14 23 29 44 13 6 -1 26 -1 -1 24 80 48 57 74 15 83 35 27 76 45 30 68 4 51 85 78 31 77 71 75 28 66 72 -1 21 64 61 9
65978 -1 25 36 82 62 54 1 14 23 29 44 13 6 -1 26 86 -1 24 80 48 57 74 15 83 35 27 76 45 30 68 4 51 85 78 31 77 71 75 28 66 72 -1 21 64 61 9
66525 -1 25 36 82 62 14 1 74 54 51 44 31 6 -1 26 86 -1 24 80 48 57 13 15 83 35 27 76 45 30 68 4 64 85 78 29 75 71 23 28 77 72 -1 21 87 61 9
66525 -1 25 36 82 62 14 1 74 54 51 44 31 6 -1 26 86 -1 24 80 48 57 13 15 83 35 27 76 45 30 68 4 64 85 78 29 75 71 23 28 77 72 -1 21 87 61 9
66862 -1 25 36 72 62 14 1 74 54 51 44 31 6 -1 26 86 -1 82 80 48 24 13 15 83 35 27 28 45 57 68 4 64 85 78 29 75 71 23 30 77 89 -1 21 87 61 9
66876 -1 25 36 72 62 14 1 74 54 51 44 31 6 -1 26 86 -1 82 80 48 24 13 15 83 35 27 28 77 57 68 4 64 85 78 29 75 71 23 30 90 89 -1 21 87 61 9
66876 -1 25 36 72 62 14 1 74 54 51 44 31 6 -1 26 86 -1 82 80 48 24 13 15 83 35 27 28 77 57 68 4 64 85 78 29 75 71 23 30 90 89 -1 21 87 61 9
66876 -1 25 36 72 62 14 1 74 54 51 44 31 6 -1 26 86 -1 82 80 48 24 13 15 83 35 27 28 77 57 68 4 64 85 78 29 75 71 23 30 90 89 -1 21 87 61 9
66876 -1 25 36 72 62 14 1 74 54 51 44 31 6 -1 26 86 -1 82 80 48 24 13 15 83 35 27 28 77 57 68 4 64 85 78 29 75 71 23 30 90 89 -1 21 87 61 9
67098 -1 94 36 89 80 14 1 74 54 51 44 31 6 -1 26 86 -1 72 25 48 82 13 15 83 28 27 30 35 24 62 4 64 85 68 29 75 71 23 57 77 78 -1 21 87 61 9
67465 -1 94 36 89 80 14 1 95 54 29 4 13 87 -1 26 86 -1 72 25 48 82 74 9 83 28 15 30 35 24 62 27 51 6 68 31 75 71 23 57 77 78 -1 44 64 61 85
67465 -1 94 36 89 80 14 1 95 54 29 4 13 87 -1 26 86 -1 72 25 48 82 74 9 83 28 15 30 35 24 62 27 51 6 68 31 75 71 23 57 77 78 -1 44 64 61 85
67465 -1 94 36 89 80 14 1 95 54 29 4 13 87 -1 26 86 -1 72 25 48 82 74 9 83 28 15 30 35 24 62 27 51 6 68 31 75 71 23 57 77 78 -1 44 64 61 85
67465 -1 94 36 89 80 14 1 95 54 29 4 13 87 -1 26 86 -1 72 25 48 82 74 9 83 28 15 30 35 24 62 27 51 6 68 31 75 71 23 57 77 78 -1 44 64 61 85
67465 -1 94 36 89 80 14 1 95 54 29 4 13 87 -1 26 86 -1 72 25 48 82 74 9 83 28 15 30 35 24 62 27 51 6 68 31 75 71 23 57 77 78 -1 44 64 61 85
67465 -1 94 36 89 80 14 1 95 54 29 4 13 87 -1 26 86 -1 72 25 48 82 74 9 83 28 15 30 35 24 62 27 51 6 68 31 75 71 23 57 77 78 -1 44 64 61 85
67714 -1 25 1 72 62 95 26 74 14 51 44 31 6 -1 86 48 -1 82 80 94 24 13 15 83 35 27 28 77 57 68 4 64 85 78 29 23 71 54 30 75 89 -1 101 87 61 9
67990 -1 25 1 102 62 95 26 74 14 51 44 31 6 -1 86 48 -1 72 80 94 82 13 15 83 35 27 30 77 24 68 4 64 85 78 29 23 71 54 57 75 89 -1 101 87 61 9
67990 -1 25 1 102 62 95 26 74 14 51 44 31 6 -1 86 48 -1 72 80 94 82 13 15 83 35 27 30 77 24 68 4 64 85 78 29 23 71 54 57 75 89 -1 101 87 61 9
67990 -1 25 1 102 62 95 26 74 14 51 44 31 6 -1 86 48 -1 72 80 94 82 13 15 83 35 27 30 77 24 68 4 64 85 78 29 23 71 54 57 75 89 -1 101 87 61 9
68009 -1 94 105 89 80 95 1 74 14 51 44 31 6 -1 26 86 -1 102 25 48 72 13 15 83 35 27 57 77 82 62 4 64 85 68 29 23 71 54 24 75 78 -1 101 87 61 9
68009 -1 94 105 89 80 95 1 74 14 51 44 31 6 -1 26 86 -1 102 25 48 72 13 15 83 35 27 57 77 82 62 4 64 85 68 29 23 71 54 24 75 78 -1 101 87 61 9
68009 -1 94 105 89 80 95 1 74 14 51 44 31 6 -1 26 86 -1 102 25 48 72 13 15 83 35 27 57 77 82 62 4 64 85 68 29 23 71 54 24 75 78 -1 101 87 61 9
68009 -1 94 105 89 80 95 1 74 14 51 44 31 6 -1 26 86 -1 102 25 48 72 13 15 83 35 27 57 77 82 62 4 64 85 68 29 23 71 54 24 75 78 -1 101 87 61 9
68009 -1 94 105 89 80 95 1 74 14 51 44 31 6 -1 26 86 -1 102 25 48 72 13 15 83 35 27 57 77 82 62 4 64 85 68 29 23 71 54 24 75 78 -1 101 87 61 9
68009 -1 94 105 89 80 95 1 74 14 51 44 31 6 -1 26 86 -1 102 25 48 72 13 15 83 35 27 57 77 82 62 4 64 85 68 29 23 71 54 24 75 78 -1 101 87 61 9
68082 -1 25 1 89 62 95 26 74 14 51 44 31 6 -1 86 48 -1 102 80 94 72 13 15 83 35 27 57 77 82 111 4 64 85 68 29 23 71 54 24 75 78 -1 101 87 61 9
68082 -1 25 1 89 62 95 26 74 14 51 44 31 6 -1 86 48 -1 102 80 94 72 13 15 83 35 27 57 77 82 111 4 64 85 68 29 23 71 54 24 75 78 -1 101 87 61 9
68082 -1 25 1 89 62 95 26 74 14 51 44 31 6 -1 86 48 -1 102 80 94 72 13 15 83 35 27 57 77 82 111 4 64 85 68 29 23 71 54 24 75 78 -1 101 87 61 9
68082 -1 25 1 89 62 95 26 74 14 51 44 31 6 -1 86 48 -1 102 80 94 72 13 15 83 35 27 57 77 82 111 4 64 85 68 29 23 71 54 24 75 78 -1 101 87 61 9
68082 -1 25 1 89 62 95 26 74 14 51 44 31 6 -1 86 48 -1 102 80 94 72 13 15 83 35 27 57 77 82 111 4 64 85 68 29 23 71 54 24 75 78 -1 101 87 61 9
68082 -1 25 1 89 62 95 26 74 14 51 44 31 6 -1 86 48 -1 102 80 94 72 13 15 83 35 27 57 77 82 111 4 64 85 68 29 23 71 54 24 75 78 -1 101 87 61 9
68082 -1 25 1 89 62 95 26 74 14 51 44 31 6 -1 86 48 -1 102 80 94 72 13 15 83 35 27 57 77 82 111 4 64 85 68 29 23 71 54 24 75 78 -1 101 87 61 9
68082 -1 25 1 89 62 95 26 74 14 51 44 31 6 -1 86 48 -1 102 80 94 72 13 15 83 35 27 57 77 82 111 4 64 85 68 29 23 71 54 24 75 78 -1 101 87 61 9
68740 -1 25 1 89 62 74 26 13 95 64 44 29 85 -1 86 48 -1 102 80 94 72 31 15 83 77 27 57 75 82 111 4 87 119 68 51 54 71 14 24 23 78 -1 101 6 61 9
68740 -1 25 1 89 62 74 26 13 95 64 44 29 85 -1 86 48 -1 102 80 94 72 31 15 83 77 27 57 75 82 111 4 87 119 68 51 54 71 14 24 23 78 -1 101 6 61 9
68740 -1 25 1 89 62 74 26 13 95 64 44 29 85 -1 86 48 -1 102 80 94 72 31 15 83 77 27 57 75 82 111 4 87 119 68 51 54 71 14 24 23 78 -1 101 6 61 9
68740 -1 25 1 89 62 74 26 13 95 64 44 29 85 -1 86 48 -1 102 80 94 72 31 15 83 77 27 57 75 82 111 4 87 119 68 51 54 71 14 24 23 78 -1 101 6 61 9
68813 -1 25 1 89 62 74 26 13 95 64 44 29 85 61 86 48 -1 102 80 94 72 31 15 123 77 27 57 75 82 111 4 87 119 68 51 54 71 14 24 23 78 -1 101 6 83 9
