2194 -1 -1 -1 -1 -1 -1 -1 -1 -1 -1 -1 -1 -1 -1 -1 -1 -1 -1 -1 -1 -1 -1 -1 -1 -1 -1 -1 -1 -1 -1 -1 -1 -1 -1 -1 -1 -1 -1 -1 -1 -1 -1 -1 -1 -1 -1 -1 -1 -1 -1 -1 -1 -1 -1 -1 -1 -1 -1 -1 -1
2411 -1 -1 -1 -1 -1 -1 -1 -1 -1 -1 -1 -1 -1 -1 -1 -1 -1 -1 -1 -1 -1 -1 -1 -1 -1 -1 -1 -1 0 -1 -1 -1 -1 -1 -1 -1 -1 -1 -1 -1 -1 -1 -1 -1 -1 -1 -1 -1 -1 -1 -1 -1 -1 -1 -1 -1 -1 -1 -1 -1
2411 -1 -1 -1 -1 -1 -1 -1 -1 -1 -1 -1 -1 -1 -1 -1 -1 -1 -1 -1 -1 -1 -1 -1 -1 -1 -1 -1 -1 0 -1 -1 -1 -1 -1 -1 -1 -1 -1 -1 -1 -1 -1 -1 -1 -1 -1 -1 -1 -1 -1 -1 -1 -1 -1 -1 -1 -1 -1 -1 -1
4370 -1 -1 -1 -1 -1 -1 -1 -1 -1 -1 -1 -1 -1 -1 -1 -1 -1 -1 -1 -1 -1 -1 -1 -1 -1 -1 -1 -1 0 -1 -1 -1 -1 -1 -1 -1 -1 2 -1 -1 -1 -1 -1 -1 -1 -1 -1 -1 -1 -1 -1 -1 -1 -1 -1 -1 -1 -1 -1 -1
6852 -1 -1 -1 -1 -1 -1 -1 -1 -1 -1 -1 -1 -1 -1 -1 -1 -1 -1 -1 -1 -1 -1 3 -1 -1 -1 -1 -1 0 -1 -1 -1 -1 -1 -1 -1 -1 2 -1 -1 -1 -1 -1 -1 -1 -1 -1 -1 -1 -1 -1 -1 -1 -1 -1 -1 -1 -1 -1 -1
8137 -1 -1 -1 -1 -1 -1 -1 -1 -1 -1 -1 -1 -1 -1 -1 -1 -1 -1 -1 -1 -1 -1 3 -1 -1 -1 -1 -1 0 -1 -1 4 -1 -1 -1 -1 -1 2 -1 -1 -1 -1 -1 -1 -1 -1 -1 -1 -1 -1 -1 -1 -1 -1 -1 -1 -1 -1 -1 -1
10807 -1 -1 -1 -1 -1 -1 -1 -1 -1 -1 -1 -1 -1 -1 -1 -1 -1 -1 -1 -1 2 -1 3 -1 -1 -1 -1 -1 0 -1 -1 4 -1 -1 -1 -1 -1 5 -1 -1 -1 -1 -1 -1 -1 -1 -1 -1 -1 -1 -1 -1 -1 -1 -1 -1 -1 -1 -1 -1
13750 -1 -1 -1 -1 -1 -1 -1 -1 -1 -1 -1 -1 -1 -1 -1 -1 -1 -1 -1 -1 2 -1 3 -1 -1 -1 -1 -1 0 -1 -1 4 -1 -1 -1 -1 -1 5 -1 -1 -1 -1 -1 -1 -1 -1 -1 -1 -1 -1 -1 -1 -1 6 -1 -1 -1 -1 -1 -1
15840 -1 -1 -1 -1 -1 -1 -1 -1 -1 -1 -1 -1 -1 -1 -1 -1 -1 -1 7 -1 2 -1 3 -1 -1 -1 -1 -1 0 -1 -1 4 -1 -1 -1 -1 -1 5 -1 -1 -1 -1 -1 -1 -1 -1 -1 -1 -1 -1 -1 -1 -1 6 -1 -1 -1 -1 -1 -1
17380 -1 -1 -1 -1 -1 -1 -1 -1 -1 -1 -1 -1 -1 -1 -1 -1 -1 -1 7 -1 2 -1 3 -1 -1 -1 -1 -1 0 -1 -1 4 -1 -1 -1 -1 -1 5 -1 -1 -1 -1 -1 -1 -1 8 -1 -1 -1 -1 -1 -1 -1 6 -1 -1 -1 -1 -1 -1
18300 -1 -1 -1 -1 -1 -1 -1 -1 -1 -1 -1 -1 -1 -1 -1 -1 -1 -1 7 -1 8 -1 3 -1 -1 -1 -1 -1 0 -1 -1 9 -1 -1 -1 -1 -1 5 -1 -1 2 -1 -1 -1 -1 4 -1 -1 -1 -1 -1 -1 -1 6 -1 -1 -1 -1 -1 -1
20914 -1 -1 -1 -1 -1 -1 -1 -1 -1 3 -1 -1 -1 -1 -1 -1 -1 -1 7 -1 8 -1 10 -1 -1 -1 -1 -1 0 -1 -1 9 -1 -1 -1 -1 -1 5 -1 -1 2 -1 -1 -1 -1 4 -1 -1 -1 -1 -1 -1 -1 6 -1 -1 -1 -1 -1 -1
21377 -1 -1 -1 -1 -1 -1 -1 -1 -1 10 -1 -1 -1 -1 -1 -1 -1 -1 7 -1 8 -1 9 -1 -1 -1 -1 -1 0 -1 -1 11 -1 -1 -1 6 -1 5 -1 -1 2 -1 -1 -1 -1 4 -1 -1 -1 -1 -1 -1 -1 3 -1 -1 -1 -1 -1 -1
21377 -1 -1 -1 -1 -1 -1 -1 -1 -1 10 -1 -1 -1 -1 -1 -1 -1 -1 7 -1 8 -1 9 -1 -1 -1 -1 -1 0 -1 -1 11 -1 -1 -1 6 -1 5 -1 -1 2 -1 -1 -1 -1 4 -1 -1 -1 -1 -1 -1 -1 3 -1 -1 -1 -1 -1 -1
21720 -1 -1 -1 -1 -1 -1 -1 11 -1 10 -1 -1 -1 -1 -1 -1 -1 -1 7 -1 8 -1 9 -1 -1 -1 -1 -1 0 -1 -1 13 -1 -1 -1 6 -1 5 -1 -1 2 -1 -1 -1 -1 4 -1 -1 -1 -1 -1 -1 -1 3 -1 -1 -1 -1 -1 -1
22835 -1 -1 -1 -1 -1 -1 -1 11 -1 10 -1 -1 -1 -1 -1 -1 -1 -1 5 -1 8 -1 9 -1 -1 7 -1 -1 0 -1 -1 13 -1 -1 -1 6 -1 14 -1 -1 2 -1 -1 -1 -1 4 -1 -1 -1 -1 -1 -1 -1 3 -1 -1 -1 -1 -1 -1
24554 -1 -1 -1 -1 -1 -1 -1 11 -1 10 -1 -1 -1 -1 -1 -1 -1 13 5 -1 8 -1 9 -1 -1 7 -1 -1 0 -1 -1 15 -1 -1 -1 6 -1 14 -1 -1 2 -1 -1 -1 -1 4 -1 -1 -1 -1 -1 -1 -1 3 -1 -1 -1 -1 -1 -1
25427 -1 -1 -1 -1 -1 -1 -1 11 -1 10 -1 -1 -1 -1 -1 -1 -1 13 5 -1 16 -1 9 -1 -1 7 -1 -1 0 -1 -1 15 -1 -1 -1 6 -1 14 -1 -1 2 -1 -1 -1 -1 4 -1 -1 -1 -1 -1 -1 -1 3 -1 -1 8 -1 -1 -1
27094 7 -1 -1 -1 -1 -1 -1 11 -1 10 -1 -1 -1 -1 -1 -1 -1 13 14 -1 17 -1 9 -1 -1 5 -1 -1 0 -1 -1 15 -1 -1 -1 6 -1 2 -1 -1 8 -1 -1 -1 -1 4 -1 -1 -1 -1 -1 -1 -1 3 -1 -1 16 -1 -1 -1
29042 7 -1 -1 -1 -1 -1 -1 11 -1 10 -1 -1 -1 -1 -1 -1 -1 13 18 -1 17 -1 9 -1 -1 5 -1 -1 0 -1 -1 15 -1 -1 -1 6 -1 14 -1 2 8 -1 -1 -1 -1 4 -1 -1 -1 -1 -1 -1 -1 3 -1 -1 16 -1 -1 -1
29274 7 -1 -1 -1 -1 -1 19 11 -1 10 -1 -1 -1 -1 -1 -1 -1 13 18 -1 17 -1 9 -1 -1 5 -1 -1 0 -1 -1 15 -1 -1 -1 6 -1 14 -1 2 8 -1 -1 -1 -1 4 -1 -1 -1 -1 -1 -1 -1 3 -1 -1 16 -1 -1 -1
30402 7 -1 -1 -1 -1 -1 19 11 -1 10 -1 -1 -1 -1 -1 -1 -1 13 18 -1 17 -1 9 -1 -1 5 -1 -1 0 -1 -1 15 -1 -1 -1 6 -1 20 -1 2 8 -1 -1 -1 -1 4 -1 -1 14 -1 -1 -1 -1 3 -1 -1 16 -1 -1 -1
30741 7 -1 -1 -1 -1 -1 19 11 -1 10 -1 -1 -1 -1 -1 -1 -1 13 18 -1 17 -1 9 -1 -1 5 -1 -1 0 -1 -1 15 -1 -1 -1 6 -1 20 -1 2 8 -1 21 -1 -1 4 -1 -1 14 -1 -1 -1 -1 3 -1 -1 16 -1 -1 -1
31744 7 -1 -1 -1 -1 -1 19 11 -1 10 -1 -1 -1 -1 -1 -1 -1 13 18 -1 16 -1 9 -1 -1 5 -1 -1 0 -1 -1 15 -1 -1 -1 6 -1 20 -1 2 8 -1 21 -1 -1 4 -1 -1 14 -1 -1 -1 -1 3 -1 -1 22 -1 -1 17
32176 7 -1 -1 -1 -1 -1 19 11 -1 10 -1 -1 -1 -1 -1 -1 -1 13 18 -1 23 16 9 -1 -1 5 -1 -1 0 -1 -1 15 -1 -1 -1 6 -1 20 -1 2 8 -1 21 -1 -1 4 -1 -1 14 -1 -1 -1 -1 3 -1 -1 22 -1 -1 17
32311 7 -1 -1 -1 -1 -1 19 4 -1 9 -1 -1 -1 -1 6 -1 -1 15 18 -1 22 23 13 -1 -1 5 -1 -1 0 -1 -1 11 -1 -1 -1 3 -1 20 -1 2 8 -1 21 -1 -1 17 -1 -1 14 -1 -1 -1 -1 10 -1 -1 24 -1 -1 16
33238 7 -1 -1 -1 -1 -1 19 4 -1 9 -1 -1 -1 -1 6 -1 -1 15 18 -1 22 23 13 -1 -1 5 -1 -1 0 -1 -1 11 -1 -1 -1 3 -1 20 -1 2 8 -1 21 -1 -1 17 -1 -1 14 -1 -1 -1 -1 10 -1 -1 24 25 -1 16
33238 7 -1 -1 -1 -1 -1 19 4 -1 9 -1 -1 -1 -1 6 -1 -1 15 18 -1 22 23 13 -1 -1 5 -1 -1 0 -1 -1 11 -1 -1 -1 3 -1 20 -1 2 8 -1 21 -1 -1 17 -1 -1 14 -1 -1 -1 -1 10 -1 -1 24 25 -1 16
33526 7 -1 -1 -1 -1 -1 19 4 -1 9 -1 -1 -1 -1 6 -1 -1 27 18 -1 22 23 15 -1 -1 5 -1 -1 0 -1 -1 11 -1 -1 -1 3 -1 20 -1 2 8 -1 21 -1 -1 17 -1 -1 14 -1 -1 -1 -1 10 -1 -1 24 25 -1 16
35421 7 -1 -1 -1 -1 -1 19 4 -1 9 -1 -1 -1 16 6 -1 -1 27 18 -1 24 22 15 -1 -1 5 -1 -1 0 -1 -1 11 -1 -1 -1 3 -1 14 -1 21 2 -1 20 -1 -1 17 -1 -1 28 -1 -1 -1 -1 10 -1 -1 8 25 -1 23
35421 7 -1 -1 -1 -1 -1 19 4 -1 9 -1 -1 -1 16 6 -1 -1 27 18 -1 24 22 15 -1 -1 5 -1 -1 0 -1 -1 11 -1 -1 -1 3 -1 14 -1 21 2 -1 20 -1 -1 17 -1 -1 28 -1 -1 -1 -1 10 -1 -1 8 25 -1 23
35816 7 -1 -1 -1 -1 -1 19 4 -1 9 -1 -1 -1 16 6 -1 -1 27 18 -1 30 22 15 21 -1 5 -1 -1 0 -1 -1 11 -1 -1 -1 3 -1 14 -1 2 8 -1 20 -1 -1 17 -1 -1 28 -1 -1 -1 -1 10 -1 -1 24 25 -1 23
37038 7 -1 -1 -1 -1 -1 19 4 -1 9 -1 -1 -1 16 6 -1 -1 15 18 -1 30 22 31 21 -1 5 -1 -1 0 -1 -1 27 -1 -1 -1 3 -1 14 -1 2 8 -1 20 -1 -1 17 -1 -1 28 -1 -1 -1 -1 10 -1 -1 24 25 -1 23
37549 7 -1 -1 -1 -1 -1 19 4 -1 9 -1 -1 -1 16 6 -1 -1 15 18 -1 22 23 31 21 -1 5 -1 -1 0 -1 -1 27 -1 -1 -1 3 -1 14 -1 2 8 -1 20 -1 -1 17 -1 -1 28 -1 -1 -1 -1 10 -1 -1 30 25 -1 32
39046 33 -1 -1 -1 -1 -1 19 4 -1 9 -1 -1 -1 16 6 -1 -1 15 5 -1 22 23 31 21 -1 7 -1 -1 0 -1 -1 27 -1 -1 -1 3 -1 28 -1 2 8 -1 14 -1 20 17 -1 -1 18 -1 -1 -1 -1 10 -1 -1 30 25 -1 32
40404 33 -1 -1 -1 -1 -1 19 4 2 9 -1 -1 -1 16 6 -1 -1 15 5 -1 22 23 31 20 -1 7 -1 -1 0 -1 -1 27 -1 -1 -1 3 -1 34 -1 21 8 -1 28 -1 14 17 -1 -1 18 -1 -1 -1 -1 10 -1 -1 30 25 -1 32
40404 33 -1 -1 -1 -1 -1 19 4 2 9 -1 -1 -1 16 6 -1 -1 15 5 -1 22 23 31 20 -1 7 -1 -1 0 -1 -1 27 -1 -1 -1 3 -1 34 -1 21 8 -1 28 -1 14 17 -1 -1 18 -1 -1 -1 -1 10 -1 -1 30 25 -1 32
40404 33 -1 -1 -1 -1 -1 19 4 2 9 -1 -1 -1 16 6 -1 -1 15 5 -1 22 23 31 20 -1 7 -1 -1 0 -1 -1 27 -1 -1 -1 3 -1 34 -1 21 8 -1 28 -1 14 17 -1 -1 18 -1 -1 -1 -1 10 -1 -1 30 25 -1 32
40751 33 -1 -1 -1 -1 -1 19 4 2 31 -1 -1 -1 16 6 -1 -1 37 5 -1 22 23 15 20 -1 7 -1 -1 0 -1 -1 27 -1 -1 -1 10 3 34 -1 21 8 -1 28 -1 14 17 -1 -1 18 -1 -1 -1 -1 9 -1 -1 30 25 -1 32
41222 33 -1 -1 -1 -1 -1 19 4 2 31 -1 -1 -1 16 6 -1 -1 37 5 -1 22 23 15 20 -1 7 -1 38 0 -1 -1 27 -1 -1 -1 10 3 34 -1 21 8 -1 28 -1 14 17 -1 -1 18 -1 -1 -1 -1 9 -1 -1 30 25 -1 32
41707 33 -1 -1 -1 -1 -1 19 27 8 31 -1 -1 -1 17 6 -1 -1 37 5 -1 23 32 39 20 -1 7 -1 38 0 -1 -1 15 -1 -1 -1 10 3 34 -1 2 30 -1 28 -1 14 4 -1 -1 18 -1 -1 -1 -1 9 -1 -1 22 25 -1 16
41902 33 -1 -1 -1 -1 -1 19 27 8 31 -1 -1 -1 16 6 -1 -1 37 5 -1 40 23 39 20 -1 7 -1 38 0 17 -1 15 -1 -1 -1 10 3 34 -1 2 30 -1 28 -1 14 4 -1 -1 18 -1 -1 -1 -1 9 -1 -1 22 25 -1 32
43069 33 -1 -1 -1 -1 -1 19 4 8 31 -1 -1 -1 32 6 -1 -1 37 5 -1 40 41 39 20 -1 7 -1 38 0 16 -1 27 -1 -1 -1 10 3 34 15 2 30 -1 28 -1 14 17 -1 -1 18 -1 -1 -1 -1 9 -1 -1 22 25 -1 23
44565 33 -1 -1 -1 -1 -1 19 27 30 9 -1 -1 -1 16 6 -1 -1 37 5 -1 40 41 31 20 -1 7 -1 38 0 17 -1 15 -1 -1 -1 3 42 34 39 2 22 -1 28 -1 14 4 -1 -1 18 -1 -1 -1 -1 10 8 -1 23 25 -1 32
44932 33 -1 -1 20 -1 -1 19 27 30 9 -1 -1 -1 16 6 -1 -1 37 5 -1 40 41 31 43 -1 7 -1 38 0 17 -1 15 -1 -1 -1 3 42 34 39 2 22 -1 28 -1 14 4 -1 -1 18 -1 -1 -1 -1 10 8 -1 23 25 -1 32
45271 33 -1 -1 20 -1 -1 19 44 30 9 -1 -1 -1 16 6 -1 -1 37 5 -1 40 41 31 43 -1 7 -1 38 0 17 -1 15 -1 -1 -1 3 42 34 39 2 22 -1 28 -1 14 4 -1 -1 18 -1 -1 -1 -1 10 8 -1 23 25 -1 32
45389 33 -1 -1 20 -1 -1 19 44 30 9 -1 -1 -1 17 6 -1 -1 37 5 -1 32 41 31 43 -1 7 -1 38 0 4 -1 15 -1 -1 -1 3 42 34 39 2 22 -1 28 -1 14 45 -1 -1 18 -1 -1 -1 -1 10 8 -1 23 25 -1 16
46243 33 -1 -1 20 -1 -1 19 44 30 10 -1 -1 -1 17 6 -1 -1 37 5 -1 32 41 31 43 -1 7 -1 38 0 4 -1 15 -1 -1 -1 3 42 34 39 2 22 -1 28 9 14 45 -1 -1 18 -1 -1 -1 -1 46 8 -1 23 25 -1 16
46861 33 -1 -1 43 -1 -1 19 44 47 10 -1 -1 -1 17 6 -1 -1 37 5 -1 32 41 31 2 14 7 -1 38 0 4 -1 15 -1 -1 -1 3 42 34 39 8 22 -1 28 9 20 45 -1 -1 18 -1 -1 -1 -1 46 30 -1 23 25 -1 16
46884 33 -1 -1 43 -1 -1 19 44 47 10 -1 -1 -1 17 6 -1 -1 37 5 -1 32 41 31 2 14 7 -1 38 0 4 -1 15 -1 -1 -1 3 42 34 39 48 30 -1 28 9 20 45 -1 -1 18 -1 -1 -1 -1 46 8 -1 22 25 -1 16
46884 33 -1 -1 43 -1 -1 19 44 47 10 -1 -1 -1 17 6 -1 -1 37 5 -1 32 41 31 2 14 7 -1 38 0 4 -1 15 -1 -1 -1 3 42 34 39 48 30 -1 28 9 20 45 -1 -1 18 -1 -1 -1 -1 46 8 -1 22 25 -1 16
46884 33 -1 -1 43 -1 -1 19 44 47 10 -1 -1 -1 17 6 -1 -1 37 5 -1 32 41 31 2 14 7 -1 38 0 4 -1 15 -1 -1 -1 3 42 34 39 48 30 -1 28 9 20 45 -1 -1 18 -1 -1 -1 -1 46 8 -1 22 25 -1 16
47288 33 -1 -1 43 -1 -1 19 44 47 10 -1 -1 -1 17 6 -1 -1 37 5 -1 32 41 31 51 14 7 -1 38 0 4 -1 15 -1 -1 -1 3 42 34 39 2 30 -1 28 9 20 45 -1 -1 18 -1 -1 -1 -1 46 8 -1 22 25 -1 16
47790 33 -1 -1 43 -1 -1 19 45 47 10 -1 -1 -1 16 6 -1 -1 15 5 -1 22 41 31 51 14 7 -1 38 0 17 -1 44 -1 -1 -1 3 42 34 39 2 30 -1 28 9 20 4 -1 -1 18 -1 -1 -1 -1 46 8 -1 52 25 -1 32
47790 33 -1 -1 43 -1 -1 19 45 47 10 -1 -1 -1 16 6 -1 -1 15 5 -1 22 41 31 51 14 7 -1 38 0 17 -1 44 -1 -1 -1 3 42 34 39 2 30 -1 28 9 20 4 -1 -1 18 -1 -1 -1 -1 46 8 -1 52 25 -1 32
48528 33 -1 -1 43 -1 -1 19 45 47 10 -1 -1 -1 16 6 -1 -1 15 5 -1 22 41 31 51 14 54 -1 38 0 17 7 44 -1 -1 -1 3 42 34 39 2 30 -1 28 9 20 4 -1 -1 18 -1 -1 -1 -1 46 8 -1 52 25 -1 32
48528 33 -1 -1 43 -1 -1 19 45 47 10 -1 -1 -1 16 6 -1 -1 15 5 -1 22 41 31 51 14 54 -1 38 0 17 7 44 -1 -1 -1 3 42 34 39 2 30 -1 28 9 20 4 -1 -1 18 -1 -1 -1 -1 46 8 -1 52 25 -1 32
48946 33 -1 -1 43 -1 -1 19 45 47 10 -1 -1 -1 16 6 -1 -1 15 5 -1 22 41 31 51 14 54 -1 38 0 17 7 44 -1 -1 -1 3 42 34 39 2 8 -1 28 9 20 4 -1 -1 18 -1 -1 -1 -1 46 56 -1 52 25 -1 32
49975 33 -1 -1 51 -1 -1 19 45 47 10 54 -1 -1 16 6 -1 -1 15 18 -1 57 41 31 2 20 7 -1 38 0 17 5 44 -1 -1 -1 3 42 28 39 56 52 -1 14 9 43 4 -1 -1 34 -1 -1 -1 -1 46 8 -1 22 25 -1 32
49980 33 -1 -1 51 -1 -1 19 44 47 10 54 -1 -1 16 6 -1 -1 15 18 -1 57 41 31 2 20 7 -1 38 0 17 5 58 -1 -1 -1 3 42 28 39 56 52 -1 14 9 43 4 -1 -1 34 -1 -1 -1 -1 46 8 -1 22 25 -1 32
51400 33 -1 -1 43 -1 -1 19 4 47 10 54 -1 -1 32 6 -1 -1 15 5 -1 22 41 31 51 14 7 -1 38 0 16 59 44 -1 -1 -1 3 42 34 39 2 8 -1 28 9 20 17 -1 -1 18 -1 -1 -1 -1 46 56 -1 52 25 -1 57
53113 60 -1 -1 43 -1 -1 19 4 47 10 33 -1 -1 32 6 -1 -1 15 59 -1 22 41 31 51 14 54 28 38 0 16 7 44 -1 -1 -1 3 42 18 39 2 8 -1 34 9 20 17 -1 -1 5 -1 -1 -1 -1 46 56 -1 52 25 -1 57
54798 60 -1 -1 43 -1 -1 19 4 47 10 61 -1 33 32 6 -1 -1 15 59 -1 22 41 31 51 14 54 28 38 0 16 7 44 -1 -1 -1 3 42 18 39 2 8 -1 34 9 20 17 -1 -1 5 -1 -1 -1 -1 46 56 -1 52 25 -1 57
55970 60 -1 -1 20 -1 -1 19 4 47 10 61 -1 62 32 6 -1 -1 15 7 -1 22 41 31 51 28 33 34 38 0 16 54 44 -1 -1 -1 3 42 5 39 2 8 -1 18 9 14 17 -1 -1 59 -1 -1 -1 -1 46 56 -1 52 25 -1 57
56964 60 -1 -1 20 -1 -1 19 17 47 10 61 -1 62 57 6 -1 -1 44 7 -1 63 41 39 51 28 33 34 38 0 32 54 4 -1 -1 -1 3 42 5 15 2 8 -1 18 31 14 16 -1 -1 59 -1 -1 -1 -1 46 56 -1 52 25 -1 22
57100 60 -1 -1 20 -1 -1 19 64 47 10 61 -1 62 32 6 -1 -1 44 7 -1 63 41 39 51 28 33 34 57 0 16 54 4 -1 -1 -1 3 42 5 15 2 8 -1 18 31 14 17 -1 -1 59 -1 -1 -1 -1 46 56 -1 52 25 -1 22
57197 60 -1 -1 20 -1 -1 19 64 47 10 61 -1 62 16 6 -1 -1 44 7 -1 63 41 39 51 28 33 34 57 0 65 54 4 -1 -1 -1 3 42 5 15 2 8 -1 18 31 14 17 -1 -1 59 -1 -1 -1 -1 46 56 -1 52 25 -1 22
57197 60 -1 -1 20 -1 -1 19 64 47 10 61 -1 62 16 6 -1 -1 44 7 -1 63 41 39 51 28 33 34 57 0 65 54 4 -1 -1 -1 3 42 5 15 2 8 -1 18 31 14 17 -1 -1 59 -1 -1 -1 -1 46 56 -1 52 25 -1 22
58765 60 -1 -1 20 -1 -1 19 64 47 10 61 -1 62 16 6 -1 -1 44 59 -1 63 41 39 51 28 54 34 57 0 65 7 4 -1 -1 -1 3 42 5 15 2 8 -1 18 31 14 17 -1 -1 67 33 -1 -1 -1 46 56 -1 52 25 -1 22
58765 60 -1 -1 20 -1 -1 19 64 47 10 61 -1 62 16 6 -1 -1 44 59 -1 63 41 39 51 28 54 34 57 0 65 7 4 -1 -1 -1 3 42 5 15 2 8 -1 18 31 14 17 -1 -1 67 33 -1 -1 -1 46 56 -1 52 25 -1 22
58765 60 -1 -1 20 -1 -1 19 64 47 10 61 -1 62 16 6 -1 -1 44 59 -1 63 41 39 51 28 54 34 57 0 65 7 4 -1 -1 -1 3 42 5 15 2 8 -1 18 31 14 17 -1 -1 67 33 -1 -1 -1 46 56 -1 52 25 -1 22
59580 62 -1 -1 70 -1 -1 19 64 47 10 60 -1 61 16 6 -1 -1 44 59 -1 63 41 39 20 28 54 34 57 0 65 7 4 -1 -1 -1 3 42 5 15 2 8 -1 18 31 14 17 -1 -1 67 33 -1 -1 -1 46 56 -1 52 25 -1 22
59580 62 -1 -1 70 -1 -1 19 64 47 10 60 -1 61 16 6 -1 -1 44 59 -1 63 41 39 20 28 54 34 57 0 65 7 4 -1 -1 -1 3 42 5 15 2 8 -1 18 31 14 17 -1 -1 67 33 -1 -1 -1 46 56 -1 52 25 -1 22
59580 62 -1 -1 70 -1 -1 19 64 47 10 60 -1 61 16 6 -1 -1 44 59 -1 63 41 39 20 28 54 34 57 0 65 7 4 -1 -1 -1 3 42 5 15 2 8 -1 18 31 14 17 -1 -1 67 33 -1 -1 -1 46 56 -1 52 25 -1 22
59629 61 -1 -1 73 -1 -1 19 64 47 10 62 -1 60 16 6 -1 -1 44 59 -1 63 41 39 70 28 54 34 57 0 65 7 4 -1 -1 -1 3 42 5 15 20 8 -1 18 31 14 17 -1 -1 67 33 -1 -1 56 46 2 -1 52 25 -1 22
60562 61 -1 -1 70 -1 -1 19 64 47 10 62 -1 60 16 6 -1 -1 44 59 -1 63 41 39 20 28 54 34 57 0 65 7 4 -1 -1 -1 3 42 5 15 74 8 -1 18 31 73 17 -1 -1 67 33 -1 -1 56 46 2 -1 52 25 -1 22
61513 61 -1 -1 70 -1 -1 19 64 47 10 62 -1 60 16 6 -1 -1 44 59 -1 63 41 39 20 28 54 34 57 0 75 7 17 -1 -1 -1 3 42 5 15 74 8 -1 18 31 73 65 -1 -1 67 33 -1 -1 56 46 2 -1 52 25 -1 22
62497 61 -1 -1 70 -1 -1 19 64 47 10 62 -1 60 16 6 -1 -1 44 59 -1 63 41 76 20 28 54 34 57 0 75 7 17 -1 -1 -1 3 42 5 15 74 8 -1 18 31 73 65 -1 -1 67 33 -1 -1 56 46 2 -1 52 25 -1 22
63881 61 -1 -1 70 -1 -1 19 64 47 10 62 -1 60 16 6 -1 -1 44 7 -1 63 41 76 20 28 33 34 57 0 75 54 17 -1 -1 -1 3 42 5 15 74 8 -1 18 31 73 65 -1 -1 59 77 67 -1 56 46 2 -1 52 25 -1 22
64281 61 -1 -1 70 -1 -1 19 64 47 78 62 -1 60 16 6 -1 -1 44 7 -1 63 41 76 20 28 33 34 57 0 75 54 17 -1 -1 -1 46 3 5 15 74 8 -1 18 31 73 65 42 -1 59 77 67 -1 56 10 2 -1 52 25 -1 22
64281 61 -1 -1 70 -1 -1 19 64 47 78 62 -1 60 16 6 -1 -1 44 7 -1 63 41 76 20 28 33 34 57 0 75 54 17 -1 -1 -1 46 3 5 15 74 8 -1 18 31 73 65 42 -1 59 77 67 -1 56 10 2 -1 52 25 -1 22
64293 62 -1 -1 70 -1 -1 19 64 47 78 80 -1 60 16 6 -1 -1 44 54 -1 63 41 76 20 34 61 18 57 0 75 33 17 -1 -1 -1 46 3 67 15 74 8 -1 5 31 28 65 42 -1 7 77 59 -1 56 10 2 -1 52 25 -1 22
64293 62 -1 -1 70 -1 -1 19 64 47 78 80 -1 60 16 6 -1 -1 44 54 -1 63 41 76 20 34 61 18 57 0 75 33 17 -1 -1 -1 46 3 67 15 74 8 -1 5 31 28 65 42 -1 7 77 59 -1 56 10 2 -1 52 25 -1 22
64293 62 -1 -1 70 -1 -1 19 64 47 78 80 -1 60 16 6 -1 -1 44 54 -1 63 41 76 20 34 61 18 57 0 75 33 17 -1 -1 -1 46 3 67 15 74 8 -1 5 31 28 65 42 -1 7 77 59 -1 56 10 2 -1 52 25 -1 22
64293 62 -1 -1 70 -1 -1 19 64 47 78 80 -1 60 16 6 -1 -1 44 54 -1 63 41 76 20 34 61 18 57 0 75 33 17 -1 -1 -1 46 3 67 15 74 8 -1 5 31 28 65 42 -1 7 77 59 -1 56 10 2 -1 52 25 -1 22
64539 77 -1 -1 70 -1 -1 19 64 47 78 80 -1 61 57 6 -1 -1 44 54 -1 84 41 76 20 34 60 18 22 0 75 33 17 -1 -1 -1 46 3 67 15 74 8 -1 5 31 28 65 42 -1 7 62 59 -1 56 10 2 -1 52 25 -1 63
64539 77 -1 -1 70 -1 -1 19 64 47 78 80 -1 61 57 6 -1 -1 44 54 -1 84 41 76 20 34 60 18 22 0 75 33 17 -1 -1 -1 46 3 67 15 74 8 -1 5 31 28 65 42 -1 7 62 59 -1 56 10 2 -1 52 25 -1 63
64911 61 -1 -1 20 -1 -1 19 64 47 78 62 -1 60 57 6 -1 -1 44 7 -1 84 41 76 74 28 33 34 22 0 75 54 17 -1 -1 -1 46 3 5 15 86 8 -1 18 31 70 65 42 -1 59 77 67 -1 56 10 2 -1 52 25 -1 63
66046 61 -1 -1 70 -1 -1 86 64 47 78 62 -1 60 57 6 -1 -1 44 7 -1 84 41 76 20 28 33 34 22 0 75 54 17 -1 -1 -1 46 3 5 15 74 8 -1 18 31 87 65 42 -1 59 77 67 -1 56 10 2 -1 52 25 -1 63
66046 61 -1 -1 70 -1 -1 86 64 47 78 62 -1 60 57 6 -1 -1 44 7 -1 84 41 76 20 28 33 34 22 0 75 54 17 -1 -1 -1 46 3 5 15 74 8 -1 18 31 87 65 42 -1 59 77 67 -1 56 10 2 -1 52 25 -1 63
66046 61 -1 -1 70 -1 -1 86 64 47 78 62 -1 60 57 6 -1 -1 44 7 -1 84 41 76 20 28 33 34 22 0 75 54 17 -1 -1 -1 46 3 5 15 74 8 -1 18 31 87 65 42 -1 59 77 67 -1 56 10 2 -1 52 25 -1 63
66046 61 -1 -1 70 -1 -1 86 64 47 78 62 -1 60 57 6 -1 -1 44 7 -1 84 41 76 20 28 33 34 22 0 75 54 17 -1 -1 -1 46 3 5 15 74 8 -1 18 31 87 65 42 -1 59 77 67 -1 56 10 2 -1 52 25 -1 63
66046 61 -1 -1 70 -1 -1 86 64 47 78 62 -1 60 57 6 -1 -1 44 7 -1 84 41 76 20 28 33 34 22 0 75 54 17 -1 -1 -1 46 3 5 15 74 8 -1 18 31 87 65 42 -1 59 77 67 -1 56 10 2 -1 52 25 -1 63
66046 61 -1 -1 70 -1 -1 86 64 47 78 62 -1 60 57 6 -1 -1 44 7 -1 84 41 76 20 28 33 34 22 0 75 54 17 -1 -1 -1 46 3 5 15 74 8 -1 18 31 87 65 42 -1 59 77 67 -1 56 10 2 -1 52 25 -1 63
66433 62 -1 -1 87 -1 -1 74 64 47 78 60 -1 77 22 6 -1 -1 44 54 -1 52 41 76 70 34 33 18 63 0 57 93 17 -1 -1 -1 46 3 67 15 20 56 -1 5 31 28 75 42 -1 7 61 59 -1 2 10 86 -1 8 25 -1 84
66487 62 -1 -1 87 -1 -1 74 64 47 78 60 -1 77 22 6 -1 -1 44 54 -1 52 41 76 70 34 33 18 63 0 57 93 17 -1 -1 -1 46 3 67 15 94 56 -1 5 31 28 75 42 -1 7 61 59 -1 2 10 86 -1 8 25 -1 84
66487 62 -1 -1 87 -1 -1 74 64 47 78 60 -1 77 22 6 -1 -1 44 54 -1 52 41 76 70 34 33 18 63 0 57 93 17 -1 -1 -1 46 3 67 15 94 56 -1 5 31 28 75 42 -1 7 61 59 -1 2 10 86 -1 8 25 -1 84
66528 60 -1 -1 87 -1 -1 74 64 47 78 77 -1 61 22 6 -1 -1 44 54 -1 96 41 76 70 34 33 18 84 0 57 93 17 -1 -1 -1 46 3 67 15 94 56 -1 5 31 28 75 42 -1 7 62 59 -1 2 10 86 -1 8 25 63 52
66528 60 -1 -1 87 -1 -1 74 64 47 78 77 -1 61 22 6 -1 -1 44 54 -1 96 41 76 70 34 33 18 84 0 57 93 17 -1 -1 -1 46 3 67 15 94 56 -1 5 31 28 75 42 -1 7 62 59 -1 2 10 86 -1 8 25 63 52
67248 60 -1 17 87 -1 -1 74 64 47 78 77 -1 61 22 6 -1 -1 15 54 -1 96 41 76 70 34 33 18 84 0 57 93 44 -1 -1 -1 46 3 67 98 94 56 -1 5 31 28 75 42 -1 7 62 59 -1 2 10 86 -1 8 25 63 52
67248 60 -1 17 87 -1 -1 74 64 47 78 77 -1 61 22 6 -1 -1 15 54 -1 96 41 76 70 34 33 18 84 0 57 93 44 -1 -1 -1 46 3 67 98 94 56 -1 5 31 28 75 42 -1 7 62 59 -1 2 10 86 -1 8 25 63 52
67248 60 -1 17 87 -1 -1 74 64 47 78 77 -1 61 22 6 -1 -1 15 54 -1 96 41 76 70 34 33 18 84 0 57 93 44 -1 -1 -1 46 3 67 98 94 56 -1 5 31 28 75 42 -1 7 62 59 -1 2 10 86 -1 8 25 63 52
67488 61 -1 17 87 -1 -1 74 44 47 78 62 -1 60 22 6 -1 -1 98 54 -1 96 41 76 70 34 33 18 84 0 57 93 15 -1 -1 -1 46 3 67 101 94 56 -1 5 31 28 75 42 -1 7 77 59 -1 2 10 86 -1 8 25 63 52
67888 61 -1 17 87 -1 -1 74 44 47 78 62 -1 60 22 6 -1 -1 98 54 -1 96 41 76 102 34 33 18 84 0 57 93 15 -1 -1 -1 46 3 67 101 70 56 -1 5 31 28 75 42 -1 7 77 59 -1 2 10 86 -1 8 25 63 52
67888 61 -1 17 87 -1 -1 74 44 47 78 62 -1 60 22 6 -1 -1 98 54 -1 96 41 76 102 34 33 18 84 0 57 93 15 -1 -1 -1 46 3 67 101 70 56 -1 5 31 28 75 42 -1 7 77 59 -1 2 10 86 -1 8 25 63 52
67991 62 -1 17 87 -1 -1 74 44 47 78 60 -1 77 22 6 -1 -1 98 54 -1 104 41 76 102 34 33 18 84 0 57 93 15 -1 -1 -1 46 3 67 101 70 56 -1 5 31 28 75 42 -1 7 61 59 -1 2 10 86 -1 8 25 63 52
68825 62 -1 17 87 -1 -1 74 15 47 78 60 -1 77 22 6 -1 -1 101 54 -1 104 41 105 102 34 33 18 84 0 57 93 98 -1 -1 -1 46 3 67 76 70 56 -1 5 31 28 75 42 -1 7 61 59 -1 2 10 86 -1 8 25 63 52
70164 62 -1 17 87 -1 -1 74 15 47 78 60 -1 77 22 6 -1 -1 101 7 -1 104 41 105 102 34 33 18 84 0 57 93 98 -1 -1 -1 46 3 67 76 70 56 -1 5 31 28 75 42 -1 59 61 106 -1 2 10 86 -1 8 25 63 52
70164 62 -1 17 87 -1 -1 74 15 47 78 60 -1 77 22 6 -1 -1 101 7 -1 104 41 105 102 34 33 18 84 0 57 93 98 -1 -1 -1 46 3 67 76 70 56 -1 5 31 28 75 42 -1 59 61 106 -1 2 10 86 -1 8 25 63 52
70456 60 -1 15 87 -1 -1 74 98 47 108 77 -1 61 57 6 -1 -1 76 7 -1 52 41 31 102 34 33 18 63 0 75 93 101 -1 -1 -1 46 3 67 105 70 8 -1 5 78 28 17 42 -1 59 62 106 -1 2 10 86 -1 104 25 22 84
70456 60 -1 15 87 -1 -1 74 98 47 108 77 -1 61 57 6 -1 -1 76 7 -1 52 41 31 102 34 33 18 63 0 75 93 101 -1 -1 -1 46 3 67 105 70 8 -1 5 78 28 17 42 -1 59 62 106 -1 2 10 86 -1 104 25 22 84
70762 77 -1 17 87 -1 -1 110 15 47 108 61 -1 62 22 6 -1 -1 101 7 -1 104 41 105 102 34 33 18 84 0 57 93 98 -1 -1 -1 46 3 67 76 70 2 -1 5 31 28 75 42 -1 59 60 106 78 86 10 74 -1 8 25 63 52
71784 77 -1 17 28 -1 -1 110 15 47 108 61 -1 62 22 6 -1 -1 101 111 102 104 41 105 87 18 33 5 84 0 57 93 98 -1 -1 -1 46 3 106 76 70 2 -1 67 31 34 75 42 -1 7 60 59 78 86 10 74 -1 8 25 63 52
71792 61 -1 15 28 -1 -1 110 98 47 112 62 -1 60 57 6 -1 -1 76 111 102 52 41 31 87 18 33 5 63 0 75 93 101 86 -1 -1 46 3 106 105 70 8 -1 67 78 34 17 42 -1 7 77 59 108 2 10 74 -1 104 25 22 84
71872 61 -1 15 28 -1 -1 110 98 47 108 62 -1 60 57 6 -1 -1 113 111 102 52 41 105 87 18 33 5 63 0 75 93 101 86 -1 -1 46 3 106 76 70 8 -1 67 31 34 17 42 -1 7 77 59 78 2 10 74 -1 104 25 22 84
71872 61 -1 15 28 -1 -1 110 98 47 108 62 -1 60 57 6 -1 -1 113 111 102 52 41 105 87 18 33 5 63 0 75 93 101 86 -1 -1 46 3 106 76 70 8 -1 67 31 34 17 42 -1 7 77 59 78 2 10 74 -1 104 25 22 84
71872 61 -1 15 28 -1 -1 110 98 47 108 62 -1 60 57 6 -1 -1 113 111 102 52 41 105 87 18 33 5 63 0 75 93 101 86 -1 -1 46 3 106 76 70 8 -1 67 31 34 17 42 -1 7 77 59 78 2 10 74 -1 104 25 22 84
71872 61 -1 15 28 -1 -1 110 98 47 108 62 -1 60 57 6 -1 -1 113 111 102 52 41 105 87 18 33 5 63 0 75 93 101 86 -1 -1 46 3 106 76 70 8 -1 67 31 34 17 42 -1 7 77 59 78 2 10 74 -1 104 25 22 84
72497 77 -1 15 28 -1 -1 110 98 47 108 61 -1 62 57 6 -1 -1 113 7 102 52 41 105 87 18 33 5 63 0 75 111 101 86 -1 -1 46 3 106 76 70 8 -1 67 31 34 17 42 -1 59 60 117 78 2 10 74 -1 104 25 22 84
72497 77 -1 15 28 -1 -1 110 98 47 108 61 -1 62 57 6 -1 -1 113 7 102 52 41 105 87 18 33 5 63 0 75 111 101 86 -1 -1 46 3 106 76 70 8 -1 67 31 34 17 42 -1 59 60 117 78 2 10 74 -1 104 25 22 84
72497 77 -1 15 28 -1 -1 110 98 47 108 61 -1 62 57 6 -1 -1 113 7 102 52 41 105 87 18 33 5 63 0 75 111 101 86 -1 -1 46 3 106 76 70 8 -1 67 31 34 17 42 -1 59 60 117 78 2 10 74 -1 104 25 22 84
72497 77 -1 15 28 -1 -1 110 98 47 108 61 -1 62 57 6 -1 -1 113 7 102 52 41 105 87 18 33 5 63 0 75 111 101 86 -1 -1 46 3 106 76 70 8 -1 67 31 34 17 42 -1 59 60 117 78 2 10 74 -1 104 25 22 84
72497 77 -1 15 28 -1 -1 110 98 47 108 61 -1 62 57 6 -1 -1 113 7 102 52 41 105 87 18 33 5 63 0 75 111 101 86 -1 -1 46 3 106 76 70 8 -1 67 31 34 17 42 -1 59 60 117 78 2 10 74 -1 104 25 22 84
73449 77 -1 15 28 -1 -1 110 122 47 108 61 -1 62 57 6 -1 -1 101 7 102 52 41 105 87 18 33 5 63 0 75 111 98 86 -1 -1 46 3 106 76 70 8 -1 67 31 34 17 42 -1 59 60 117 78 2 10 74 -1 104 25 22 84
73449 77 -1 15 28 -1 -1 110 122 47 108 61 -1 62 57 6 -1 -1 101 7 102 52 41 105 87 18 33 5 63 0 75 111 98 86 -1 -1 46 3 106 76 70 8 -1 67 31 34 17 42 -1 59 60 117 78 2 10 74 -1 104 25 22 84
73853 61 -1 15 28 -1 -1 110 122 47 108 62 -1 60 75 6 -1 -1 101 7 102 84 41 105 87 18 33 5 22 0 124 111 98 86 -1 -1 46 3 106 76 70 8 -1 67 31 34 17 42 -1 59 77 117 78 2 10 74 -1 104 25 57 63
74169 61 -1 15 28 -1 -1 110 122 47 108 62 -1 60 124 6 -1 -1 101 7 102 63 41 105 87 18 33 5 57 0 125 111 98 86 -1 -1 46 3 106 76 70 8 -1 67 31 34 17 42 -1 59 77 117 78 2 10 74 -1 84 25 75 22
74169 61 -1 15 28 -1 -1 110 122 47 108 62 -1 60 124 6 -1 -1 101 7 102 63 41 105 87 18 33 5 57 0 125 111 98 86 -1 -1 46 3 106 76 70 8 -1 67 31 34 17 42 -1 59 77 117 78 2 10 74 -1 84 25 75 22
74904 62 -1 15 28 -1 -1 110 122 47 108 60 -1 77 124 6 -1 -1 76 7 102 63 41 127 87 18 33 5 57 0 125 111 98 86 -1 -1 46 3 106 105 70 8 -1 67 31 34 17 42 -1 59 61 117 78 2 10 74 -1 84 25 75 22
75269 62 -1 15 28 -1 -1 110 122 47 108 60 -1 77 124 6 -1 -1 76 7 102 63 41 127 87 18 33 5 128 0 125 111 98 86 -1 -1 46 3 106 105 70 8 -1 67 31 34 17 42 -1 59 61 117 78 2 10 74 -1 84 25 75 57
76117 62 -1 15 34 -1 -1 70 122 74 108 60 -1 77 124 6 -1 -1 76 111 87 63 41 127 28 5 129 67 128 0 125 33 98 86 -1 -1 46 3 117 105 102 8 -1 106 31 18 17 42 -1 7 61 59 78 2 10 110 -1 84 25 75 57
76168 62 -1 15 34 -1 -1 70 122 74 108 60 -1 77 124 6 -1 -1 76 111 87 63 41 127 28 5 129 67 128 0 125 33 98 86 130 -1 46 3 117 105 102 8 -1 106 31 18 17 42 -1 7 61 59 78 2 10 110 -1 84 25 75 57
76472 62 -1 15 34 -1 -1 70 122 74 108 60 -1 77 124 6 -1 -1 76 111 87 63 41 127 28 5 129 67 128 0 125 33 98 86 130 -1 46 3 117 105 102 131 -1 106 31 18 17 42 -1 7 61 59 78 2 10 110 -1 8 25 75 57
76472 62 -1 15 34 -1 -1 70 122 74 108 60 -1 77 124 6 -1 -1 76 111 87 63 41 127 28 5 129 67 128 0 125 33 98 86 130 -1 46 3 117 105 102 131 -1 106 31 18 17 42 -1 7 61 59 78 2 10 110 -1 8 25 75 57
76472 62 -1 15 34 -1 -1 70 122 74 108 60 -1 77 124 6 -1 -1 76 111 87 63 41 127 28 5 129 67 128 0 125 33 98 86 130 -1 46 3 117 105 102 131 -1 106 31 18 17 42 -1 7 61 59 78 2 10 110 -1 8 25 75 57
76472 62 -1 15 34 -1 -1 70 122 74 108 60 -1 77 124 6 -1 -1 76 111 87 63 41 127 28 5 129 67 128 0 125 33 98 86 130 -1 46 3 117 105 102 131 -1 106 31 18 17 42 -1 7 61 59 78 2 10 110 -1 8 25 75 57
76472 62 -1 15 34 -1 -1 70 122 74 108 60 -1 77 124 6 -1 -1 76 111 87 63 41 127 28 5 129 67 128 0 125 33 98 86 130 -1 46 3 117 105 102 131 -1 106 31 18 17 42 -1 7 61 59 78 2 10 110 -1 8 25 75 57
76472 62 -1 15 34 -1 -1 70 122 74 108 60 -1 77 124 6 -1 -1 76 111 87 63 41 127 28 5 129 67 128 0 125 33 98 86 130 -1 46 3 117 105 102 131 -1 106 31 18 17 42 -1 7 61 59 78 2 10 110 -1 8 25 75 57
76509 62 -1 137 34 -1 -1 70 15 74 108 60 -1 77 124 6 -1 -1 98 111 87 63 41 105 28 5 129 67 128 0 125 33 122 86 130 -1 46 3 117 76 102 131 -1 106 127 18 17 42 -1 7 61 59 31 2 10 110 -1 8 25 75 57
76509 62 -1 137 34 -1 -1 70 15 74 108 60 -1 77 124 6 -1 -1 98 111 87 63 41 105 28 5 129 67 128 0 125 33 122 86 130 -1 46 3 117 76 102 131 -1 106 127 18 17 42 -1 7 61 59 31 2 10 110 -1 8 25 75 57
76509 62 -1 137 34 -1 -1 70 15 74 108 60 -1 77 124 6 -1 -1 98 111 87 63 41 105 28 5 129 67 128 0 125 33 122 86 130 -1 46 3 117 76 102 131 -1 106 127 18 17 42 -1 7 61 59 31 2 10 110 -1 8 25 75 57
76954 77 -1 137 34 -1 -1 110 15 86 108 61 -1 62 124 6 -1 70 98 111 87 63 41 105 28 5 129 67 128 0 125 33 122 2 130 -1 46 3 117 76 102 140 -1 106 127 18 17 42 -1 7 60 59 31 131 10 74 -1 8 25 75 57
77455 77 -1 137 18 -1 -1 70 15 74 108 61 -1 62 124 6 -1 102 98 111 28 8 41 105 34 67 129 106 128 0 125 33 122 86 63 -1 46 3 117 76 87 131 -1 141 127 5 17 42 -1 7 60 59 31 2 10 110 -1 140 25 75 57
77455 77 -1 137 18 -1 -1 70 15 74 108 61 -1 62 124 6 -1 102 98 111 28 8 41 105 34 67 129 106 128 0 125 33 122 86 63 -1 46 3 117 76 87 131 -1 141 127 5 17 42 -1 7 60 59 31 2 10 110 -1 140 25 75 57
77932 61 -1 137 18 -1 -1 70 15 74 108 62 -1 60 124 6 -1 143 98 111 28 8 41 105 34 67 129 106 128 0 125 33 122 86 63 -1 46 3 117 76 87 131 -1 141 127 5 17 42 -1 7 77 59 31 2 10 110 -1 140 25 75 57
78523 61 -1 137 18 -1 -1 70 15 74 108 62 -1 60 124 6 -1 143 98 111 28 144 41 105 34 67 129 106 128 0 125 33 122 2 63 -1 46 3 117 76 87 140 -1 141 127 5 17 42 -1 7 77 59 31 131 10 110 -1 8 25 75 57
79666 61 -1 137 18 -1 -1 70 15 74 108 62 -1 60 124 6 -1 143 76 111 28 144 41 127 34 67 129 106 128 98 125 33 122 2 63 -1 46 3 117 105 87 140 -1 141 31 5 17 42 -1 7 77 59 145 131 10 110 -1 8 25 75 57
79666 61 -1 137 18 -1 -1 70 15 74 108 62 -1 60 124 6 -1 143 76 111 28 144 41 127 34 67 129 106 128 98 125 33 122 2 63 -1 46 3 117 105 87 140 -1 141 31 5 17 42 -1 7 77 59 145 131 10 110 -1 8 25 75 57
80311 62 -1 147 18 -1 -1 70 15 74 108 60 -1 77 124 6 -1 143 76 111 28 144 41 127 34 67 129 106 128 98 125 33 122 2 63 -1 46 3 117 105 87 140 -1 141 31 5 17 42 -1 7 61 59 145 131 10 110 -1 8 25 75 57
80311 62 -1 147 18 -1 -1 70 15 74 108 60 -1 77 124 6 -1 143 76 111 28 144 41 127 34 67 129 106 128 98 125 33 122 2 63 -1 46 3 117 105 87 140 -1 141 31 5 17 42 -1 7 61 59 145 131 10 110 -1 8 25 75 57
80311 62 -1 147 18 -1 -1 70 15 74 108 60 -1 77 124 6 -1 143 76 111 28 144 41 127 34 67 129 106 128 98 125 33 122 2 63 -1 46 3 117 105 87 140 -1 141 31 5 17 42 -1 7 61 59 145 131 10 110 -1 8 25 75 57
